Epoch	Episode	EpRet	EpCost	TotalEnvInteracts	Time
0	0	27.291258	0.0	78	1799.9325323104858
0	1	25.749393	1.0	157	1935.862928390503
0	2	26.369175	0.0	236	2073.3710536956787
0	3	28.71451	0.0	314	2200.467943906784
0	4	27.471426	0.0	392	2322.271562576294
0	5	31.158554	1.0	472	2444.17413187027
0	6	30.558334	0.0	551	2558.765143632889
0	7	27.112627	0.0	629	2671.571631669998
0	8	32.412136	0.0	708	2785.6598093509674
0	9	22.23577	0.0	786	2899.709748506546
1	10	32.248253	1.0	867	3789.267016172409
1	11	23.958681	0.0	945	3912.9982907772064
1	12	25.127148	1.0	1022	4026.672381401062
1	13	28.375645	1.0	1100	4140.959006071091
1	14	25.807325	1.0	1179	4256.145426273346
1	15	27.122892	1.0	1258	4372.53842997551
1	16	19.948835	0.0	1335	4485.169473409653
1	17	26.363905	1.0	1414	4602.221846580505
1	18	25.65276	1.0	1492	4715.882085323334
1	19	30.526928	1.0	1568	4827.813172578812
2	20	30.899824	0.0	1647	5638.084319591522
2	21	23.811665	1.0	1724	5750.469267129898
2	22	33.903095	2.0	1804	5868.445229053497
2	23	29.992352	0.0	1883	5981.081865310669
2	24	28.883799	8.0	1962	6097.324694633484
2	25	28.861898	6.0	2042	6214.888425827026
2	26	26.813362	1.0	2121	6330.5761704444885
2	27	29.569023	0.0	2199	6443.7782554626465
2	28	29.165392	3.0	2279	6560.168834209442
2	29	28.62373	2.0	2356	6678.556358575821
3	30	29.69823	2.0	2435	7315.257381439209
3	31	25.568754	0.0	2513	7426.463881969452
3	32	27.030916	0.0	2591	7538.559423923492
3	33	30.709108	0.0	2668	7648.479817867279
3	34	28.542967	0.0	2747	7761.441016197205
3	35	28.582426	4.0	2825	7874.237308263779
3	36	23.991543	1.0	2903	7986.115269184113
3	37	26.69032	2.0	2981	8099.849662780762
3	38	26.448627	0.0	3060	8222.792428731918
3	39	27.204596	0.0	3137	8345.287050485611
4	40	33.020473	0.0	3216	9100.48013973236
4	41	30.120127	0.0	3294	9217.19866013527
4	42	29.5087	0.0	3373	9335.718151330948
4	43	28.10918	0.0	3452	9453.172550439835
4	44	26.288706	0.0	3530	9570.581751346588
4	45	29.884449	0.0	3607	9688.270926713943
4	46	28.953495	0.0	3686	9807.984020233154
4	47	29.169823	0.0	3765	9926.26670718193
4	48	32.129036	2.0	3844	10051.223372459412
4	49	28.159842	0.0	3922	10177.728125572205
5	50	30.313993	0.0	4002	10756.8610227108
5	51	29.602808	1.0	4079	10873.828302145004
5	52	28.14429	0.0	4157	10991.62323975563
5	53	26.545141	2.0	4234	11107.126011371613
5	54	26.748781	1.0	4312	11226.42051076889
5	55	28.079039	4.0	4390	11344.091893196106
5	56	24.85942	3.0	4467	11460.36238694191
5	57	31.18924	1.0	4546	11583.805658340454
5	58	30.26885	0.0	4625	11718.129195451736
5	59	23.537727	0.0	4705	11862.116954088211
6	60	31.390265	0.0	4783	12607.827620267868
6	61	24.03454	2.0	4860	12722.638106584549
6	62	28.561735	0.0	4938	12835.14649772644
6	63	28.987123	0.0	5018	12954.1197245121
6	64	29.05231	0.0	5096	13068.868523836136
6	65	27.703472	0.0	5175	13185.563403367996
6	66	29.796658	0.0	5255	13304.644406080246
6	67	23.655146	3.0	5334	13426.217114448547
6	68	29.774933	2.0	5413	13549.284493923187
6	69	26.09974	0.0	5489	13668.770764350891
7	70	27.993752	0.0	5566	14262.94343495369
7	71	31.123344	1.0	5645	14377.836040258408
7	72	30.182512	1.0	5724	14493.032402276993
7	73	28.719997	1.0	5803	14608.677839040756
7	74	31.700138	1.0	5882	14723.8943297863
7	75	26.703026	2.0	5959	14835.969331741333
7	76	30.614351	0.0	6037	14953.709154129028
7	77	27.21872	3.0	6114	15076.218189001083
7	78	29.830957	0.0	6194	15208.080076932907
7	79	28.773714	0.0	6273	15346.700180768967
8	80	26.623253	0.0	6352	16023.245753288269
8	81	30.7911	1.0	6431	16141.125894069672
8	82	28.205097	2.0	6510	16258.341140031815
8	83	29.558563	1.0	6590	16374.67685174942
8	84	28.16992	0.0	6668	16490.371734380722
8	85	30.40865	1.0	6746	16615.065678596497
8	86	29.281258	0.0	6825	16740.698437213898
8	87	28.209255	0.0	6903	16864.859273672104
8	88	30.88943	1.0	6980	16987.386690616608
8	89	24.077787	0.0	7058	17102.47586297989
9	90	30.02638	1.0	7137	17684.501002550125
9	91	26.391478	0.0	7213	17795.60288310051
9	92	31.261835	0.0	7291	17910.223625659943
9	93	30.078266	0.0	7372	18030.355937957764
9	94	30.710577	0.0	7449	18151.62361931801
9	95	29.280693	0.0	7527	18275.93795108795
9	96	26.841982	1.0	7604	18399.19076704979
9	97	27.71279	0.0	7682	18521.480649232864
9	98	35.694584	0.0	7763	18641.81904411316
9	99	29.20763	0.0	7841	18767.181663513184
10	100	29.54021	1.0	7919	19429.896398305893
10	101	26.951487	1.0	7996	19543.86821937561
10	102	33.178913	0.0	8076	19662.39573764801
10	103	29.374044	1.0	8156	19793.049945116043
10	104	30.627384	0.0	8236	19922.560651302338
10	105	27.552969	1.0	8311	20042.369792461395
10	106	28.167845	2.0	8387	20160.578281402588
10	107	28.977966	0.0	8465	20275.415867328644
10	108	30.203955	4.0	8542	20390.552706241608
10	109	30.051973	0.0	8622	20507.225099802017
11	110	27.663696	1.0	8698	21035.122990131378
11	111	31.265308	0.0	8777	21153.759318828583
11	112	29.383224	6.0	8855	21280.11982703209
11	113	28.992197	1.0	8933	21405.801113843918
11	114	26.888287	0.0	9012	21531.883104085922
11	115	29.046104	0.0	9091	21659.004723787308
11	116	27.526442	0.0	9170	21780.679669857025
11	117	28.1995	1.0	9247	21895.87234902382
11	118	33.69384	0.0	9326	22014.695912361145
11	119	27.188791	3.0	9403	22146.0742521286
12	120	29.745094	2.0	9482	22883.87482237816
12	121	29.18726	2.0	9562	23015.205184221268
12	122	30.693016	5.0	9641	23145.738198041916
12	123	30.533678	2.0	9719	23270.732118606567
12	124	28.18602	0.0	9797	23388.130821943283
12	125	28.053967	1.0	9876	23504.235963582993
12	126	26.834711	0.0	9954	23617.956047058105
12	127	27.660004	0.0	10032	23734.305194616318
12	128	30.894732	0.0	10111	23852.46258378029
12	129	28.876345	0.0	10190	23970.76275897026
13	130	28.900158	0.0	10269	24599.25514936447
13	131	30.435677	0.0	10348	24727.02965927124
13	132	29.748734	1.0	10427	24855.44098687172
13	133	28.98522	0.0	10505	24973.71604013443
13	134	27.404112	2.0	10583	25091.36848640442
13	135	29.461536	3.0	10661	25208.609858989716
13	136	28.776764	3.0	10740	25327.994265794754
13	137	28.232027	0.0	10819	25450.904866218567
13	138	28.962496	0.0	10899	25588.169392108917
13	139	29.366426	0.0	10976	25719.7077524662
14	140	25.562485	2.0	11054	26379.132855415344
14	141	27.817019	1.0	11130	26501.661565303802
14	142	31.077108	0.0	11209	26622.747473716736
14	143	29.130676	1.0	11287	26737.39999651909
14	144	26.023674	2.0	11364	26852.051473855972
14	145	28.836014	7.0	11442	26968.399816274643
14	146	29.382242	0.0	11522	27086.08420062065
14	147	28.45959	0.0	11600	27201.708200454712
14	148	29.304728	0.0	11678	27317.081015110016
14	149	31.000244	3.0	11755	27431.417101860046
15	150	31.749504	2.0	11833	28034.755767583847
15	151	28.027061	3.0	11911	28149.97350215912
15	152	27.232773	1.0	11990	28263.768366098404
15	153	29.857712	1.0	12070	28380.072997808456
15	154	26.12946	1.0	12150	28495.66841673851
15	155	28.02035	3.0	12228	28609.94388794899
15	156	28.497795	1.0	12305	28737.0184135437
15	157	27.561098	0.0	12385	28869.233222723007
15	158	29.250772	1.0	12464	28999.91298365593
15	159	25.876345	5.0	12542	29128.875429868698
16	160	31.590303	2.0	12620	29824.606244802475
16	161	30.627016	1.0	12699	29938.097678422928
16	162	26.557785	0.0	12776	30048.61676979065
16	163	27.818314	0.0	12856	30164.070383787155
16	164	28.719015	2.0	12934	30276.41411948204
16	165	29.909176	2.0	13012	30386.17935204506
16	166	25.309977	6.0	13091	30499.63039636612
16	167	25.887371	0.0	13168	30611.05933189392
16	168	27.290104	3.0	13245	30720.37274312973
16	169	29.255045	1.0	13323	30832.494640111923
17	170	22.695457	1.0	13399	31545.672823429108
17	171	30.153982	2.0	13477	31659.942854642868
17	172	29.236101	0.0	13555	31770.2203104496
17	173	28.420544	0.0	13632	31895.17809677124
17	174	29.621208	0.0	13709	32021.42022061348
17	175	27.667404	0.0	13789	32151.850235939026
17	176	27.704092	3.0	13867	32280.737437963486
17	177	29.170729	1.0	13945	32404.11081147194
17	178	29.92744	0.0	14022	32513.560664892197
17	179	29.12771	0.0	14101	32625.549157381058
18	180	27.161629	1.0	14179	33240.40299129486
18	181	28.64933	3.0	14259	33358.12856197357
18	182	27.808414	0.0	14337	33470.00450158119
18	183	28.171982	1.0	14413	33578.49907827377
18	184	28.829447	0.0	14491	33689.911395549774
18	185	26.606152	0.0	14570	33802.6507935524
18	186	29.019234	0.0	14648	33915.14457345009
18	187	28.702496	0.0	14726	34029.28988671303
18	188	28.131828	1.0	14804	34144.06250858307
18	189	26.155176	1.0	14882	34261.206672906876
19	190	26.73473	2.0	14961	34906.15232658386
19	191	31.951979	1.0	15040	35018.96102595329
19	192	30.146133	2.0	15118	35135.60259485245
19	193	30.45418	0.0	15195	35259.19591140747
19	194	30.597992	0.0	15275	35389.202687740326
19	195	28.301847	1.0	15352	35514.17753696442
19	196	29.720003	0.0	15430	35640.36276221275
19	197	15.695452	1.0	15507	35759.96482658386
19	198	30.33942	1.0	15585	35870.9501888752
19	199	26.215597	1.0	15663	35985.09448480606
20	200	30.605513	0.0	15742	36620.224354982376
20	201	29.821323	2.0	15820	36733.55994558334
20	202	26.548992	2.0	15897	36844.438640117645
20	203	25.398518	0.0	15974	36956.33039498329
20	204	24.744577	2.0	16051	37067.34732246399
20	205	31.19915	0.0	16131	37183.45889163017
20	206	28.520933	5.0	16209	37295.22628521919
20	207	29.273909	0.0	16288	37405.505357027054
20	208	33.02687	0.0	16368	37528.22320461273
20	209	23.412735	1.0	16446	37652.366777420044
21	210	25.873388	0.0	16525	38287.16678881645
21	211	29.627384	0.0	16604	38402.92742681503
21	212	25.128836	0.0	16682	38526.579985141754
21	213	26.214184	0.0	16760	38659.190596818924
21	214	29.229675	3.0	16839	38791.59162092209
21	215	31.785425	0.0	16918	38925.95625424385
21	216	20.697184	2.0	16995	39055.541993141174
21	217	29.382236	0.0	17072	39167.507100105286
21	218	28.488909	2.0	17149	39284.194932460785
21	219	26.22945	0.0	17227	39406.48102021217
22	220	29.811466	0.0	17304	40097.82180714607
22	221	28.532543	0.0	17382	40212.19711303711
22	222	29.5946	0.0	17462	40328.70311141014
22	223	30.187387	0.0	17542	40445.41687583923
22	224	30.335617	1.0	17621	40560.92335510254
22	225	28.768276	1.0	17698	40674.921622514725
22	226	27.242674	0.0	17775	40787.48716402054
22	227	32.396576	1.0	17854	40905.76040291786
22	228	27.691248	1.0	17934	41032.78617978096
22	229	29.269022	2.0	18012	41155.31443810463
23	230	28.322546	0.0	18091	41984.541246175766
23	231	28.699308	1.0	18171	42117.47992563248
23	232	29.897825	0.0	18250	42249.24156832695
23	233	27.054604	0.0	18328	42378.93984556198
23	234	27.468285	2.0	18406	42495.36154937744
23	235	29.568678	0.0	18485	42612.1188454628
23	236	30.172707	2.0	18564	42738.81698799133
23	237	29.587639	0.0	18641	42860.216923713684
23	238	25.821249	0.0	18720	42983.836255311966
23	239	30.869736	5.0	18798	43105.83994722366
24	240	28.774588	1.0	18876	43724.20355463028
24	241	28.368664	0.0	18953	43836.32264614105
24	242	30.173418	0.0	19032	43950.569749593735
24	243	31.645037	0.0	19110	44066.171503305435
24	244	29.757172	1.0	19187	44180.68578791618
24	245	24.937252	2.0	19265	44303.96686792374
24	246	29.490236	1.0	19344	44430.9240527153
24	247	29.066458	0.0	19422	44556.19681119919
24	248	30.898783	0.0	19499	44672.4160823822
24	249	27.681965	0.0	19578	44789.11119556427
25	250	28.601528	5.0	19655	45470.03752708435
25	251	28.767878	1.0	19733	45591.594123363495
25	252	25.71078	0.0	19812	45704.806154966354
25	253	28.107403	0.0	19890	45817.22761940956
25	254	29.175	0.0	19968	45937.71432518959
25	255	29.765448	0.0	20045	46057.39640927315
25	256	31.996618	2.0	20124	46179.93682169914
25	257	30.689123	0.0	20203	46299.766058921814
25	258	29.15307	1.0	20282	46420.1938958168
25	259	29.140427	2.0	20362	46541.07945394516
26	260	27.407206	0.0	20441	47101.40334916115
26	261	32.063225	1.0	20520	47216.46600270271
26	262	25.873684	0.0	20599	47333.22849559784
26	263	29.801022	2.0	20677	47445.41710829735
26	264	29.552618	0.0	20756	47560.178656339645
26	265	29.291786	0.0	20834	47682.899236917496
26	266	28.453913	1.0	20912	47807.475595235825
26	267	34.189648	0.0	20993	47936.095480918884
26	268	27.679735	1.0	21072	48060.47928547859
26	269	28.153801	1.0	21151	48175.213314533234
27	270	28.277592	3.0	21230	48926.4396173954
27	271	30.30675	4.0	21309	49038.51960682869
27	272	30.531517	0.0	21390	49153.513235569
27	273	30.499487	0.0	21468	49272.08884382248
27	274	27.564474	1.0	21545	49387.707404375076
27	275	28.246168	0.0	21623	49508.061962366104
27	276	31.82148	0.0	21701	49627.99673485756
27	277	29.080355	2.0	21780	49743.397377967834
27	278	32.681526	1.0	21859	49854.96039938927
27	279	28.103664	0.0	21937	49966.41967368126
28	280	29.502295	4.0	22014	50586.497834682465
28	281	28.594831	1.0	22091	50696.19260954857
28	282	29.689285	1.0	22168	50816.98964834213
28	283	33.125267	0.0	22246	50941.63828754425
28	284	29.049105	1.0	22326	51068.539753198624
28	285	28.270475	2.0	22405	51192.71187591553
28	286	31.940567	0.0	22484	51315.01982808113
28	287	27.161427	0.0	22563	51429.40975642204
28	288	29.996622	0.0	22642	51544.308138370514
28	289	28.035875	0.0	22722	51674.40567421913
29	290	33.83175	2.0	22801	52459.586153030396
29	291	22.430016	2.0	22879	52579.11560058594
29	292	30.8445	1.0	22958	52698.45878815651
29	293	27.441694	0.0	23035	52816.31048703194
29	294	30.616444	1.0	23115	52936.80812954903
29	295	28.478624	0.0	23194	53051.164318323135
29	296	30.6948	0.0	23274	53162.67063045502
29	297	25.373997	1.0	23351	53270.97452330589
29	298	29.907982	0.0	23431	53381.633830070496
29	299	30.453854	0.0	23510	53490.07833361626
30	300	24.334028	3.0	23588	54068.91372060776
30	301	28.365976	1.0	23666	54194.500623464584
30	302	27.091036	0.0	23744	54320.420640707016
30	303	27.526636	0.0	23822	54445.29923272133
30	304	27.625574	0.0	23900	54571.01428747177
30	305	28.306253	1.0	23980	54691.91984272003
30	306	28.215006	1.0	24057	54806.235735177994
30	307	30.882332	0.0	24136	54930.29721617699
30	308	30.468721	1.0	24215	55065.7816927433
30	309	28.83368	0.0	24295	55202.606222867966
31	310	28.607317	0.0	24375	55935.572370529175
31	311	27.795828	0.0	24454	56060.64851951599
31	312	27.619675	0.0	24532	56185.777418613434
31	313	29.33544	0.0	24610	56305.44147658348
31	314	28.455816	0.0	24688	56421.8591196537
31	315	24.86382	0.0	24764	56533.42780303955
31	316	31.10699	0.0	24841	56646.23393893242
31	317	30.365685	0.0	24921	56765.77909064293
31	318	24.289534	1.0	24998	56880.12788271904
31	319	29.238937	0.0	25078	56997.44993209839
32	320	26.740969	0.0	25156	57704.58420276642
32	321	31.006542	0.0	25236	57831.26731181145
32	322	27.955137	0.0	25314	57956.437630176544
32	323	26.964542	0.0	25392	58078.771407842636
32	324	30.912651	0.0	25470	58207.37634444237
32	325	26.570103	1.0	25548	58339.42416238785
32	326	30.625944	1.0	25626	58470.733055353165
32	327	29.812645	0.0	25703	58599.51534366608
32	328	26.99399	0.0	25780	58728.459799051285
32	329	25.341843	3.0	25857	58850.250942230225
33	330	28.921392	2.0	25934	59445.562802791595
33	331	28.75687	1.0	26012	59565.39778971672
33	332	26.855648	2.0	26090	59687.122175216675
33	333	31.221127	0.0	26168	59806.7878203392
33	334	30.985722	2.0	26247	59922.71507334709
33	335	27.913387	0.0	26325	60034.68431329727
33	336	31.439718	0.0	26403	60144.29414367676
33	337	31.733067	0.0	26483	60258.14172244072
33	338	30.68064	0.0	26564	60373.9563229084
33	339	27.541903	2.0	26643	60488.341223955154
34	340	28.073381	0.0	26723	61185.83134531975
34	341	28.22538	0.0	26801	61306.09173941612
34	342	29.188898	0.0	26881	61427.71465134621
34	343	31.785013	1.0	26960	61550.907650470734
34	344	30.61889	0.0	27039	61680.786480903625
34	345	28.565317	3.0	27120	61813.25826025009
34	346	30.81908	0.0	27200	61944.86812996864
34	347	27.332056	1.0	27280	62075.80014872551
34	348	26.94525	1.0	27357	62200.54793167114
34	349	25.519012	0.0	27435	62329.60425782204
35	350	26.639975	2.0	27513	62956.51980090141
35	351	29.120878	2.0	27590	63077.43742895126
35	352	27.050804	1.0	27668	63196.544684410095
35	353	27.7654	1.0	27746	63307.565150260925
35	354	28.080074	0.0	27823	63415.784620285034
35	355	27.950903	0.0	27900	63520.8332824707
35	356	30.205338	0.0	27977	63630.92752838135
35	357	27.23561	0.0	28056	63742.92479801178
35	358	23.652805	4.0	28132	63851.69492197037
35	359	31.130287	3.0	28212	63965.6361823082
36	360	31.55842	0.0	28292	64605.543251276016
36	361	27.709162	1.0	28370	64726.563113451004
36	362	30.149666	1.0	28446	64846.247259140015
36	363	30.20715	1.0	28525	64958.917126894
36	364	27.990095	3.0	28603	65072.29994344711
36	365	29.993114	1.0	28682	65199.808421850204
36	366	30.562073	1.0	28761	65328.72367930412
36	367	30.87657	0.0	28839	65456.89594268799
36	368	27.029543	0.0	28916	65583.73664140701
36	369	28.93439	2.0	28995	65712.10269761086
37	370	30.163172	0.0	29075	66343.68812417984
37	371	29.36913	0.0	29153	66465.99480080605
37	372	31.631302	0.0	29233	66589.22098612785
37	373	32.169453	0.0	29311	66707.9106786251
37	374	28.555443	0.0	29389	66820.72116470337
37	375	30.518654	0.0	29468	66935.03804731369
37	376	29.144817	0.0	29548	67052.16937375069
37	377	26.355919	5.0	29625	67164.78696227074
37	378	30.147234	4.0	29702	67278.18258786201
37	379	27.074682	3.0	29780	67391.06535744667
