Epoch	Episode	EpRet	EpCost	TotalEnvInteracts	Time
0	0	16.916105	2.0	102	28.691845178604126
0	1	17.819885	0.0	204	53.90218496322632
0	2	17.920477	0.0	307	79.53159475326538
0	3	18.381283	0.0	410	103.76829242706299
0	4	18.644724	2.0	514	128.93771481513977
0	5	17.061739	0.0	618	153.8963963985443
0	6	16.392668	1.0	720	179.30064225196838
0	7	16.222897	4.0	824	204.8933539390564
0	8	17.72528	2.0	926	229.82909059524536
0	9	17.827211	2.0	1030	254.88781785964966
1	10	16.718342	0.0	1133	280.05376863479614
1	11	15.7063	0.0	1237	304.86454248428345
1	12	15.673406	0.0	1341	330.14973044395447
1	13	16.880468	0.0	1444	355.1310679912567
1	14	17.93342	2.0	1548	380.55135464668274
1	15	16.094107	3.0	1651	405.00372529029846
1	16	16.601963	0.0	1754	430.2345280647278
1	17	15.942164	0.0	1858	455.4139907360077
1	18	19.353548	0.0	1961	481.29159569740295
1	19	16.886463	2.0	2064	506.5267252922058
2	20	15.163174	0.0	2169	532.4751634597778
2	21	18.673796	1.0	2272	557.7727196216583
2	22	14.291583	0.0	2375	582.8811473846436
2	23	16.228065	0.0	2478	607.812474489212
2	24	17.271065	2.0	2581	633.2797946929932
2	25	18.386023	2.0	2684	658.3687014579773
2	26	15.596861	1.0	2786	683.6127169132233
2	27	16.51884	0.0	2888	708.8468568325043
2	28	18.022705	0.0	2992	734.3941326141357
2	29	19.189642	0.0	3095	759.749685049057
3	30	17.276388	0.0	3197	784.1468727588654
3	31	16.52806	0.0	3301	808.6064012050629
3	32	16.351131	2.0	3404	834.3438947200775
3	33	16.823101	0.0	3507	859.5578856468201
3	34	16.200912	0.0	3610	883.8844530582428
3	35	16.789532	0.0	3713	909.0591354370117
3	36	17.751091	0.0	3818	934.627194404602
3	37	16.35471	0.0	3921	960.2435481548309
3	38	16.675167	0.0	4024	985.4768283367157
3	39	15.271144	1.0	4127	1010.4205219745636
4	40	17.920225	0.0	4231	1035.7133276462555
4	41	17.78764	3.0	4336	1061.6327075958252
4	42	17.363987	0.0	4439	1086.2380576133728
4	43	16.094507	0.0	4542	1111.0720400810242
4	44	16.911278	0.0	4645	1135.9910771846771
4	45	15.731523	0.0	4749	1161.4449372291565
4	46	16.778978	3.0	4853	1187.0560286045074
4	47	17.209427	0.0	4957	1212.3801658153534
4	48	17.45558	1.0	5062	1237.5075454711914
4	49	17.839325	0.0	5164	1262.0448167324066
5	50	17.654247	0.0	5268	1287.3739309310913
5	51	16.888668	2.0	5371	1312.7899634838104
5	52	19.07621	0.0	5475	1338.1164112091064
5	53	16.81817	0.0	5578	1362.7169513702393
5	54	16.09263	2.0	5681	1387.4489967823029
5	55	16.607887	0.0	5784	1412.3607106208801
5	56	17.35883	2.0	5886	1437.5585072040558
5	57	16.901588	0.0	5990	1463.172813653946
5	58	17.365128	0.0	6093	1488.1174535751343
5	59	15.367198	1.0	6194	1513.1367065906525
6	60	18.149376	1.0	6298	1538.6111180782318
6	61	16.920607	0.0	6401	1563.993376493454
6	62	16.960161	0.0	6504	1589.141007900238
6	63	18.594503	0.0	6610	1614.6450288295746
6	64	17.229504	5.0	6713	1639.5864162445068
6	65	16.300163	0.0	6815	1664.450755596161
6	66	14.244923	0.0	6919	1689.8578095436096
6	67	18.55557	0.0	7022	1715.1882209777832
6	68	19.321291	0.0	7126	1740.4795055389404
6	69	17.92825	0.0	7229	1765.3790836334229
7	70	19.674297	1.0	7332	1790.7104551792145
7	71	20.53827	0.0	7436	1815.6618328094482
7	72	17.810844	0.0	7539	1840.4470098018646
7	73	16.966566	0.0	7643	1865.9280636310577
7	74	17.482567	1.0	7746	1890.7912812232971
7	75	16.508396	2.0	7849	1915.5553872585297
7	76	16.836176	1.0	7953	1940.8836176395416
7	77	19.67596	1.0	8058	1965.610470533371
7	78	17.287733	0.0	8163	1991.3431310653687
7	79	16.082644	0.0	8266	2015.7887270450592
8	80	16.337406	0.0	8371	2041.6652052402496
8	81	17.330618	0.0	8475	2066.2529752254486
8	82	17.138386	0.0	8578	2091.3890454769135
8	83	17.686245	4.0	8681	2116.598649740219
8	84	16.466198	0.0	8784	2141.908369541168
8	85	18.764095	0.0	8887	2166.59104013443
8	86	17.17601	0.0	8991	2192.1033136844635
8	87	15.717591	0.0	9094	2217.1903507709503
8	88	14.831406	0.0	9198	2242.4500184059143
8	89	17.90197	4.0	9302	2267.9023628234863
9	90	15.960866	0.0	9406	2293.347611427307
9	91	16.38304	0.0	9510	2318.8099308013916
9	92	17.174381	0.0	9612	2343.540238380432
9	93	16.81042	0.0	9716	2368.9285218715668
9	94	16.94911	0.0	9820	2394.534534215927
9	95	8.698422	2.0	9922	2420.1710817813873
9	96	16.44145	0.0	10024	2444.6768250465393
9	97	15.737646	0.0	10128	2470.001394033432
9	98	18.004906	2.0	10231	2494.8881673812866
9	99	16.738182	1.0	10334	2519.9023892879486
10	100	15.353582	1.0	10438	2544.8293931484222
10	101	18.608557	0.0	10541	2569.3629989624023
10	102	16.645964	0.0	10644	2594.7621564865112
10	103	16.616596	0.0	10748	2620.1896166801453
10	104	15.8833475	0.0	10850	2644.7486650943756
10	105	16.60326	0.0	10953	2670.166934967041
10	106	16.680334	0.0	11056	2695.079786300659
10	107	18.048353	0.0	11160	2720.9344387054443
10	108	17.686773	0.0	11264	2746.2322635650635
10	109	17.587439	1.0	11369	2772.043610572815
11	110	15.911816	0.0	11472	2797.4686443805695
11	111	16.730465	0.0	11575	2822.5049629211426
11	112	17.528477	0.0	11677	2847.334815263748
11	113	18.343876	0.0	11780	2872.286200284958
11	114	15.920306	1.0	11885	2897.675112247467
11	115	16.338299	0.0	11987	2921.2848761081696
11	116	16.761604	2.0	12090	2946.7363951206207
