Epoch	Episode	EpRet	EpCost	TotalEnvInteracts	Time
0	0	2.263384	0.0	76	1271.9468595981598
0	1	23.933424	0.0	152	1365.753058195114
0	2	2.389606	0.0	228	1458.6778147220612
0	3	2.5285509	0.0	304	1548.917963027954
0	4	0.2637657	0.0	379	1643.1420991420746
0	5	3.9991078	0.0	455	1734.651094675064
0	6	0.28140414	0.0	530	1823.8688776493075
0	7	1.7551854	0.0	606	1915.6080729961395
0	8	0.7730509	0.0	681	2007.887293100357
0	9	5.1344743	0.0	757	2098.2589740753174
1	10	20.644814	0.0	836	2408.4339082241063
1	11	8.679569	0.0	912	2499.9637792110448
1	12	6.626746000000001	0.0	987	2592.7073395252232
1	13	29.249958000000003	0.0	1068	2689.156784534455
1	14	3.2463424	0.0	1143	2780.553394317627
1	15	30.435609999999997	1.0	1224	2879.4005579948425
1	16	30.665396	0.0	1302	2975.5568902492523
1	17	21.233173	0.0	1380	3072.179969072342
1	18	21.007942	0.0	1459	3168.475135803223
1	19	0.38810903	0.0	1534	3258.795983314514
2	20	8.073194	0.0	1610	3550.9531548023224
2	21	26.87245	1.0	1689	3646.144103765488
2	22	19.487885000000002	0.0	1766	3738.970510721207
2	23	28.180294	0.0	1844	3834.373951435089
2	24	30.095087	0.0	1922	3931.4291973114014
2	25	10.255042	0.0	1998	4037.153010129929
2	26	29.177143	0.0	2075	4139.621479034424
2	27	0.36237529999999996	0.0	2150	4231.42795944214
2	28	31.637403000000003	0.0	2228	4335.8137888908395
2	29	30.452314	0.0	2307	4442.144158363342
3	30	31.508670000000002	0.0	2386	4776.949707508087
3	31	25.967817	0.0	2463	4868.061020612718
3	32	29.213465000000003	0.0	2544	4965.3800909519205
3	33	29.906853	0.0	2623	5066.117321014404
3	34	0.36207209999999995	0.0	2698	5166.0378489494315
3	35	29.122496	0.0	2780	5275.125445604323
3	36	29.762897	0.0	2858	5382.478007793426
3	37	29.393726	0.0	2938	5492.8846447467795
3	38	10.940010000000001	0.0	3015	5598.827922821045
3	39	30.289834999999997	0.0	3094	5693.867331027985
4	40	29.038774	0.0	3173	6027.901916980743
4	41	27.288898	0.0	3253	6135.3150753974915
4	42	27.404667	0.0	3332	6242.7228174209595
4	43	31.781415999999997	0.0	3412	6351.948266506195
4	44	31.215055	0.0	3493	6452.239070892334
4	45	24.568132000000002	0.0	3571	6545.9485039711
4	46	26.804796000000003	0.0	3649	6641.158509254456
4	47	29.167582	0.0	3727	6742.668015956879
4	48	12.355722	0.0	3804	6848.688136100769
4	49	32.526993	0.0	3883	6957.441225528717
5	50	28.013338	0.0	3964	7310.551436662675
5	51	24.302792	0.0	4043	7405.400608062744
5	52	27.849815000000003	0.0	4123	7505.373590469359
5	53	31.381391999999998	0.0	4202	7612.310631275177
5	54	30.031069	0.0	4282	7719.113118648529
5	55	32.927227	0.0	4362	7828.334980010986
5	56	32.0664	0.0	4441	7931.653279542924
5	57	25.905426000000002	0.0	4520	8035.235374927521
5	58	0.5499063	0.0	4595	8125.80091381073
5	59	29.404987	0.0	4673	8220.933923721313
6	60	29.711506	0.0	4752	8571.032055377958
6	61	31.355307	0.0	4832	8681.641177654266
6	62	27.986773	0.0	4911	8788.166928768158
6	63	30.809608	0.0	4990	8889.694693565369
6	64	27.945345	0.0	5069	8984.353308439255
6	65	1.2799673	0.0	5144	9078.955709457396
6	66	26.470228000000002	0.0	5221	9181.152459859848
6	67	29.658361	0.0	5301	9288.382841348648
6	68	28.020528999999996	0.0	5381	9396.343665838242
6	69	27.046188	0.0	5461	9504.557163000107
7	70	29.524446	0.0	5541	9815.612947940826
7	71	7.4724	0.0	5617	9920.099091053007
7	72	28.095259999999996	0.0	5697	10029.712216854095
7	73	30.320435999999997	0.0	5778	10141.268380880356
7	74	29.409763	0.0	5858	10249.359738111496
7	75	25.144249	0.0	5936	10356.583577632904
7	76	31.624376	0.0	6017	10459.969247341156
7	77	8.205323	0.0	6094	10554.642737388609
7	78	30.825678000000003	0.0	6173	10657.334696769714
7	79	29.647454999999997	0.0	6252	10763.376149177553
8	80	31.965252000000003	0.0	6330	11080.878333330154
8	81	26.742490000000004	0.0	6410	11182.361344814299
8	82	28.842764000000003	0.0	6488	11287.218708753586
8	83	27.624046000000003	0.0	6567	11395.211050510405
8	84	28.862242	0.0	6647	11505.75079035759
8	85	26.700233	0.0	6726	11612.095305681229
8	86	30.747604	0.0	6807	11720.973932504654
8	87	31.473540999999997	0.0	6889	11828.206743955612
8	88	32.771667	0.0	6969	11931.838291406631
8	89	31.970728	0.0	7049	12028.67801117897
9	90	33.75339	0.0	7129	12380.05067229271
9	91	24.802845	0.0	7207	12484.301337242126
9	92	28.912262	0.0	7286	12588.670426607132
9	93	30.084929	0.0	7365	12684.662022590637
9	94	16.430462	0.0	7443	12787.704788446426
9	95	32.801605	0.0	7524	12898.359448432922
9	96	29.781836	0.0	7601	13002.117802858353
9	97	31.744713	0.0	7681	13109.320323228836
9	98	5.1724906	0.0	7757	13211.267726659775
9	99	14.787685999999999	0.0	7834	13313.046014547348
10	100	31.566174	0.0	7914	13651.36129999161
10	101	32.816494	0.0	7994	13749.07175540924
10	102	27.307768	1.0	8072	13852.653483390808
10	103	31.675463	0.0	8152	13959.911073923113
10	104	30.29859	0.0	8232	14068.170332193376
10	105	29.233347	0.0	8312	14176.433519363403
10	106	25.941591	0.0	8391	14285.172814369202
10	107	33.066320000000005	0.0	8471	14394.366219520569
10	108	34.08979	0.0	8552	14505.540304899216
10	109	22.425504999999998	0.0	8630	14610.250876188278
11	110	0.6162385	0.0	8705	14961.603387117386
11	111	12.788522	0.0	8782	15057.854506254196
11	112	32.572975	0.0	8862	15154.843925952913
11	113	0.51354504	0.0	8937	15245.217744112017
11	114	18.25842	0.0	9015	15341.564155578611
11	115	10.249758	0.0	9092	15445.955516099932
11	116	22.61168	0.0	9171	15551.399864912031
11	117	14.708437	0.0	9248	15657.788494348526
11	118	30.397152000000002	0.0	9327	15767.774107217789
11	119	22.721828	0.0	9406	15874.993093013765
12	120	28.137245	0.0	9484	16191.180757999418
12	121	31.558952	0.0	9563	16294.637378454208
12	122	28.156066999999997	0.0	9642	16401.661702871323
12	123	30.916632	0.0	9724	16512.864843845367
12	124	29.590374	0.0	9805	16620.801352262493
12	125	31.720409999999998	0.0	9886	16730.822844266888
12	126	28.393728000000003	0.0	9966	16831.174918174744
12	127	29.175490999999997	0.0	10045	16926.62224149704
12	128	23.823706	0.0	10123	17031.659646987915
12	129	30.13086	0.0	10201	17138.80245923996
13	130	31.505314000000002	0.0	10281	17529.422751903534
13	131	2.2657666	0.0	10357	17621.779878377914
13	132	25.063543	0.0	10434	17716.088206291202
13	133	31.010471000000003	0.0	10514	17824.510618448257
13	134	28.190056	0.0	10594	17933.196532726288
13	135	30.604088	0.0	10672	18036.414776563644
13	136	0.99252766	0.0	10747	18136.150118112564
13	137	28.924913	0.0	10826	18242.066368579865
13	138	26.899510999999997	0.0	10906	18340.00701904297
13	139	31.065907	0.0	10988	18443.750182390213
14	140	16.048225	0.0	11065	18810.63558912277
14	141	30.726166	0.0	11144	18920.5341296196
14	142	28.543298999999998	0.0	11224	19027.365219354633
14	143	30.131265999999997	0.0	11302	19121.651884794235
14	144	28.62541	0.0	11382	19220.524312496185
14	145	31.054846	0.0	11460	19325.34119939804
14	146	0.47840852	0.0	11535	19425.602912425995
14	147	31.569721	0.0	11616	19535.19861483574
14	148	28.557959999999998	0.0	11694	19640.48503375053
14	149	30.387882	0.0	11774	19749.19197535515
15	150	6.392027	0.0	11850	20056.536769390106
15	151	33.87591	0.0	11930	20165.591304302216
15	152	13.963325	0.0	12008	20271.948806285858
15	153	32.407364	0.0	12088	20381.999486923214
15	154	29.123589000000003	0.0	12167	20488.981038331985
15	155	23.727253	0.0	12244	20587.91943883896
15	156	22.521156	0.0	12321	20681.045485973358
15	157	30.322022999999998	0.0	12400	20776.832963705063
15	158	20.422634	0.0	12479	20871.952535152435
15	159	23.967937	0.0	12558	20979.48518037796
16	160	22.495941000000002	0.0	12635	21307.553084373478
16	161	3.4132263999999997	0.0	12710	21409.838923454285
16	162	29.632507	0.0	12791	21506.89942216873
16	163	29.733003999999998	0.0	12869	21611.431353092194
16	164	28.748337	0.0	12948	21720.116120100018
16	165	1.1444406999999999	0.0	13023	21825.10145330429
16	166	25.589499	0.0	13102	21931.37234044075
16	167	30.177086	0.0	13183	22039.760560274128
16	168	25.596373	0.0	13262	22145.699956655502
16	169	29.614592	0.0	13342	22247.83530664444
17	170	18.041454	0.0	13420	22653.84620308876
17	171	19.214962	0.0	13499	22759.55431342125
17	172	27.949540000000002	0.0	13579	22869.534434556957
17	173	28.674746000000003	0.0	13659	22977.08961963654
17	174	24.238777	0.0	13738	23084.869008779526
17	175	24.34629	0.0	13818	23193.774461746216
17	176	27.094753000000004	0.0	13895	23293.956329345703
17	177	23.936539	0.0	13973	23397.487481832504
17	178	26.745146000000002	0.0	14052	23503.835788488388
17	179	30.640787	0.0	14132	23609.995503664013
18	180	0.36600609999999995	0.0	14207	23959.938551425934
18	181	28.366235999999997	0.0	14287	24055.72710585594
18	182	27.61556	0.0	14365	24151.245386600494
18	183	30.321701	0.0	14444	24258.998938798908
18	184	25.625656	0.0	14524	24370.42235922813
18	185	28.280136	0.0	14602	24477.130085945133
18	186	0.23123439	0.0	14677	24581.259700775143
18	187	29.904878999999998	0.0	14757	24687.0378947258
18	188	31.847437	0.0	14837	24784.105306386948
18	189	29.281253999999997	0.0	14917	24881.13191986084
19	190	32.196564	0.0	14998	25206.20378446579
19	191	27.102068	0.0	15076	25310.714793920517
19	192	24.695926999999998	0.0	15154	25414.972527265552
19	193	19.087688	0.0	15231	25519.109052419662
19	194	34.822990000000004	0.0	15312	25619.803092956543
19	195	25.965920999999998	0.0	15391	25713.606082201008
19	196	29.757246000000002	0.0	15468	25814.533103466034
19	197	7.7223353	0.0	15544	25919.64157128334
19	198	32.434208	0.0	15623	26028.542378902435
19	199	27.601784000000002	1.0	15703	26139.02916049957
20	200	31.244090999999997	0.0	15783	26495.20769906044
20	201	0.33547717	0.0	15858	26590.185076951984
20	202	26.850440000000003	0.0	15936	26697.034032106403
20	203	33.37679	0.0	16017	26804.544951438907
20	204	25.912764000000003	0.0	16096	26913.068753004078
20	205	15.365058	0.0	16174	27019.068099260334
20	206	31.113979999999998	0.0	16255	27122.872281312946
20	207	25.015932	0.0	16333	27216.68500375748
20	208	0.8625746999999999	0.0	16408	27316.376789569855
20	209	27.386177000000004	0.0	16488	27426.85984635353
21	210	4.226118	0.0	16564	27775.72594380379
21	211	33.59174	0.0	16643	27876.14906048775
21	212	3.6668267	0.0	16719	27968.240155458454
21	213	30.882563	0.0	16798	28063.980013608925
21	214	33.192543	0.0	16877	28166.527145147324
21	215	28.029546999999997	0.0	16957	28275.867111682885
21	216	13.457462	0.0	17034	28380.7218606472
21	217	27.767141	0.0	17113	28486.96181869507
21	218	33.35372	0.0	17196	28600.25441145897
21	219	0.35301384	0.0	17271	28693.637257575985
22	220	31.615757000000002	0.0	17351	29062.7810959816
22	221	32.916126	0.0	17432	29173.337268352516
22	222	26.127958	0.0	17512	29282.827114820484
22	223	30.698875	0.0	17591	29389.800389528278
22	224	26.670094	0.0	17668	29495.82027220726
22	225	31.424232	0.0	17747	29598.020966053013
22	226	2.572649	0.0	17822	29688.481381654736
22	227	32.654877	0.0	17902	29785.592555284504
22	228	30.006819	0.0	17981	29893.587789297104
22	229	36.908436	0.0	18059	29998.637916803364
23	230	31.426651	0.0	18136	30355.655026197437
23	231	31.421652	0.0	18215	30452.976083517075
23	232	32.81924	0.0	18295	30552.92674779892
23	233	9.760909	0.0	18372	30657.72794008255
23	234	32.735104	0.0	18452	30765.86918544769
23	235	28.46702	0.0	18532	30875.351475477215
23	236	31.65151	0.0	18611	30983.08579540253
23	237	33.230667	0.0	18692	31090.61139774322
23	238	30.365664000000002	0.0	18773	31189.32627558708
23	239	22.789162	0.0	18852	31287.777825593952
24	240	34.102608000000004	0.0	18931	31630.976463794712
24	241	33.011036	0.0	19011	31741.697493553165
24	242	33.70521	0.0	19091	31853.032931327816
24	243	30.130365	0.0	19173	31957.446645975117
24	244	18.410982	0.0	19251	32053.946513652798
24	245	27.659334	0.0	19330	32161.585331916813
24	246	27.462978000000003	0.0	19410	32269.804862022404
24	247	30.677418	0.0	19491	32378.4018535614
24	248	27.576363	0.0	19569	32484.298917770386
24	249	23.997066	0.0	19648	32587.21868014336
25	250	35.342079999999996	0.0	19727	32953.01407504082
25	251	26.708643	0.0	19807	33060.177106142044
25	252	30.848865999999997	0.0	19886	33167.97192454338
25	253	33.091885	0.0	19967	33280.718480825424
25	254	28.221462	0.0	20044	33372.99358129501
25	255	30.685990999999998	0.0	20123	33469.057888507836
25	256	33.245205	0.0	20201	33564.310468912125
25	257	24.32103	0.0	20280	33671.496283769615
25	258	32.616405	0.0	20359	33776.86476826668
25	259	29.662171999999998	0.0	20438	33884.19290447235
26	260	33.41409	0.0	20518	34248.730525970466
26	261	35.022682	0.0	20597	34343.13001203537
26	262	31.141102000000004	0.0	20676	34447.408401727684
26	263	13.909785999999999	0.0	20754	34556.98626971245
26	264	28.318628000000004	0.0	20832	34665.296352624886
26	265	31.408556	0.0	20911	34774.928575515754
26	266	31.518234000000003	0.0	20991	34885.578585386276
26	267	32.607796	0.0	21071	34984.56373023987
26	268	32.18757	0.0	21149	35078.65895485878
26	269	28.375757	0.0	21230	35178.23257470132
27	270	30.16965	0.0	21307	35580.68158864975
27	271	29.839806	0.0	21387	35686.69700217247
27	272	29.522942999999998	0.0	21468	35796.19394016266
27	273	5.304422	0.0	21544	35892.1191470623
27	274	34.15333	0.0	21623	35988.260652065284
27	275	33.741127	0.0	21703	36098.07530903816
27	276	28.834633	0.0	21782	36204.6694161892
27	277	34.23868	0.0	21862	36309.06114602089
27	278	32.233025	0.0	21942	36415.86941742897
27	279	31.298538	0.0	22023	36522.61145401002
28	280	0.29355755	0.0	22098	36855.703538417816
28	281	27.133564	0.0	22178	36951.76407933235
28	282	29.649137	0.0	22258	37052.13499808312
28	283	35.36428	0.0	22337	37159.083837985985
28	284	2.5891813999999997	0.0	22412	37258.84407782554
28	285	30.489544	0.0	22490	37364.40998125076
28	286	29.034229999999997	0.0	22571	37475.923614501946
28	287	26.657367999999998	0.0	22649	37583.030444860466
28	288	25.9136	0.0	22729	37693.55049586296
28	289	7.446801	0.0	22806	37790.91736316681
29	290	29.889584999999997	0.0	22884	38130.32369184493
29	291	32.30386	0.0	22963	38236.61825823784
29	292	31.275623	0.0	23042	38344.136872768395
29	293	34.00703	0.0	23124	38451.33875346184
29	294	29.283886	0.0	23202	38545.695432186134
29	295	33.546608	0.0	23281	38642.930305480964
29	296	32.677807	0.0	23362	38740.456907510765
29	297	29.365273	0.0	23443	38841.25452971458
29	298	27.526196000000002	0.0	23523	38951.346955776215
29	299	33.441257	0.0	23602	39060.253482580185
30	300	32.466846000000004	0.0	23681	39441.407784461975
30	301	3.0018632000000003	0.0	23756	39532.650457143776
30	302	31.190683	0.0	23837	39635.33666086197
30	303	31.142129999999998	0.0	23916	39741.49400091171
30	304	28.338820000000002	0.0	23996	39849.22431921959
30	305	31.973817999999998	0.0	24074	39956.87431907654
30	306	31.983025	0.0	24153	40065.56111669541
30	307	30.172537	0.0	24230	40165.54930567741
30	308	28.653986	0.0	24312	40267.831723690026
30	309	27.253382000000002	0.0	24391	40376.766178131096
31	310	0.36688706	0.0	24466	40748.42444062233
31	311	14.643348999999999	0.0	24543	40850.17451095581
31	312	31.165352000000002	0.0	24623	40947.95298504829
31	313	30.548572999999998	0.0	24700	41040.901348114014
31	314	31.339478000000003	0.0	24780	41142.20049881935
31	315	30.043026	0.0	24860	41251.53803873062
31	316	32.89076	0.0	24938	41356.82945680618
31	317	30.901226	0.0	25018	41464.661747455604
31	318	32.241135	0.0	25097	41573.158413887024
31	319	32.810654	0.0	25175	41672.04344129562
32	320	15.521573000000002	0.0	25252	42120.923024892814
32	321	29.444143	0.0	25330	42214.1271944046
32	322	33.66835	0.0	25409	42308.177937030785
32	323	30.89415	0.0	25487	42400.744465589516
32	324	23.312069	0.0	25564	42492.62067556381
32	325	24.166535999999997	0.0	25643	42586.832165002816
32	326	25.580025	0.0	25720	42678.71762633324
32	327	28.478846	0.0	25798	42773.23260617256
32	328	31.082317	0.0	25878	42871.871416807175
32	329	32.169785	0.0	25957	42967.867786884315
33	330	31.910154	0.0	26038	43347.74164628983
33	331	32.021305	0.0	26120	43467.216983795166
33	332	28.833302000000003	0.0	26199	43571.610756158836
33	333	31.119042999999998	0.0	26280	43673.205606222145
33	334	31.779715999999997	0.0	26362	43788.262194633484
33	335	18.5433	0.0	26440	43898.89050412178
33	336	31.878828000000002	0.0	26518	44009.311300516136
33	337	7.197913000000001	0.0	26594	44109.76843070983
33	338	0.8784679	0.0	26669	44202.30970549584
33	339	4.319823	0.0	26745	44301.24001550674
34	340	30.533333000000002	0.0	26824	44669.78473615646
34	341	9.164734	0.0	26901	44770.417565822594
34	342	29.771140999999997	0.0	26979	44877.54289126396
34	343	26.608751	0.0	27056	44987.5996632576
34	344	5.622622	0.0	27132	45096.205289840706
34	345	32.580544	0.0	27214	45212.127247333534
34	346	33.069004	0.0	27295	45320.63901352882
34	347	37.274437	0.0	27376	45421.40312290192
34	348	30.922859999999996	0.0	27455	45523.751047372825
34	349	31.47557	0.0	27535	45638.52565932273
35	350	24.609726000000002	0.0	27615	46065.19709062576
35	351	28.570244	0.0	27696	46174.8416056633
35	352	32.095314	0.0	27777	46293.8332593441
35	353	31.622190000000003	0.0	27857	46411.382570266716
35	354	29.214370000000002	0.0	27936	46527.44973397255
35	355	29.007599	0.0	28016	46627.73144173622
35	356	29.736494	0.0	28096	46725.210105895996
35	357	28.035496000000002	0.0	28176	46833.87891840935
35	358	30.74488	0.0	28257	46951.716303348534
35	359	3.9100919999999997	0.0	28333	47064.97017860413
36	360	32.389755	0.0	28412	47526.79334449769
36	361	2.7166957999999997	0.0	28487	47634.12155508995
36	362	28.272844	0.0	28565	47748.68282747269
36	363	17.367145999999998	0.0	28642	47860.40529894829
36	364	30.960704999999997	0.0	28721	47969.24720311165
36	365	32.970659999999995	0.0	28801	48067.64198160172
36	366	32.182438	0.0	28880	48181.809633731835
36	367	15.642797	0.0	28956	48291.88867783546
36	368	0.029864917	0.0	29031	48397.127642154686
36	369	0.25805762	0.0	29106	48501.077958583825
37	370	14.162768	0.0	29184	48892.44948244095
37	371	27.278328000000002	1.0	29262	49002.16813993454
37	372	2.6697786	0.0	29337	49110.155535936356
37	373	18.826256	0.0	29415	49213.218289852135
37	374	27.095965999999997	0.0	29493	49320.93963122368
37	375	31.682740999999996	0.0	29571	49429.55954480171
37	376	28.256989	0.0	29651	49540.731415510185
37	377	31.897057	0.0	29732	49655.20483922958
37	378	26.760948	0.0	29812	49766.72143507004
37	379	11.700917	0.0	29888	49860.84407067299
38	380	28.595644	0.0	29967	50204.74301314353
38	381	27.24656	0.0	30046	50317.79071044922
38	382	32.496025	0.0	30127	50431.912915945046
38	383	31.296366	0.0	30206	50540.544546842575
38	384	26.437222	0.0	30284	50647.728536844246
38	385	30.417776	0.0	30363	50755.73378753662
38	386	2.4819684	0.0	30438	50854.38587355613
38	387	31.002321000000002	0.0	30517	50965.485882282264
38	388	25.542442	0.0	30596	51075.670873641975
38	389	30.321852000000003	0.0	30675	51185.873311758034
39	390	26.219395000000002	0.0	30753	51535.14246821404
39	391	28.98302	0.0	30833	51650.42943072318
39	392	33.70081	0.0	30913	51761.59203672409
39	393	30.311123	0.0	30992	51875.464312553406
39	394	29.322138	0.0	31071	51976.36773586273
39	395	26.721657	0.0	31149	52082.88067817689
39	396	27.234254999999997	0.0	31229	52196.55952334403
39	397	30.893059	0.0	31309	52312.07527756692
39	398	29.408554	0.0	31389	52425.10642337799
39	399	24.925425	0.0	31467	52533.989641428
40	400	17.283848000000003	0.0	31544	52928.75880885124
40	401	5.1555123	0.0	31620	53036.53230810165
40	402	28.169166999999998	0.0	31700	53148.63279771805
40	403	30.297729999999998	0.0	31780	53250.33911442757
40	404	34.124928000000004	0.0	31860	53348.43721556664
40	405	33.18943	0.0	31938	53446.239332914345
40	406	27.529348	0.0	32017	53559.890855073936
40	407	0.90516895	0.0	32092	53668.403139352806
40	408	35.339134	0.0	32173	53788.45548939705
40	409	8.289259	0.0	32249	53893.89834165573
41	410	30.647926000000002	0.0	32328	54297.8385052681
41	411	16.630081	0.0	32406	54407.60488748551
41	412	31.262894	0.0	32486	54516.58572721481
41	413	29.390848	0.0	32567	54615.431077241905
41	414	28.560641999999998	0.0	32646	54712.048797130585
41	415	27.464088	0.0	32725	54823.026176691055
41	416	27.176759999999998	0.0	32804	54936.33341383933
41	417	32.28072	0.0	32885	55052.96724629402
41	418	31.418333	0.0	32962	55164.31334400177
41	419	0.5182587000000001	0.0	33037	55267.53249025345
42	420	27.18911	0.0	33115	55739.6822488308
42	421	27.444752	0.0	33195	55847.40074157715
42	422	33.279034	0.0	33274	55943.10357093812
42	423	34.465340000000005	1.0	33353	56043.19189047813
42	424	32.11245	0.0	33432	56154.89650988579
42	425	30.931862	0.0	33513	56269.945774555206
42	426	4.349604599999999	0.0	33589	56377.17069673537
42	427	14.047757	0.0	33667	56481.807621240616
42	428	33.808018	0.0	33748	56579.846147298806
42	429	29.880007	0.0	33828	56686.591803073876
43	430	4.34262	0.0	33904	57140.42964792252
43	431	23.841257000000002	0.0	33983	57237.009021759026
43	432	19.609955	0.0	34062	57332.57609653473
43	433	26.987534000000004	0.0	34139	57439.45559930802
43	434	29.755144	0.0	34217	57548.753532409675
43	435	31.083103	0.0	34296	57663.167596578605
43	436	15.812954999999999	0.0	34374	57773.96289300919
43	437	29.440134000000004	0.0	34455	57874.39102983475
43	438	30.65932	0.0	34535	57972.24654340744
43	439	30.823553000000004	0.0	34615	58078.78199505807
44	440	29.146917	0.0	34695	58484.59302067758
44	441	25.809006	0.0	34773	58593.13503336905
44	442	12.1683035	0.0	34849	58687.28575134277
44	443	20.493368	0.0	34926	58796.4576382637
44	444	31.04242	0.0	35006	58909.52772760392
44	445	0.5750929	0.0	35081	59014.1495308876
44	446	26.619771999999998	0.0	35159	59124.34730434418
44	447	5.3680124000000005	0.0	35235	59217.645656347275
44	448	32.320705	0.0	35313	59315.740275382996
44	449	33.714233	0.0	35393	59420.874279499054
45	450	30.496166	0.0	35473	59844.88340187072
45	451	2.7991219	0.0	35549	59950.616888523095
45	452	0.5519634	0.0	35624	60056.087219238274
45	453	31.169054	0.0	35702	60169.81236410142
45	454	23.63495	0.0	35780	60283.27196240425
45	455	32.450333	0.0	35860	60398.46666312218
45	456	31.539677	0.0	35939	60500.56160235405
45	457	29.762797999999997	0.0	36018	60596.84521436691
45	458	29.554544	0.0	36098	60700.52438426018
45	459	32.017414	0.0	36177	60814.84338140487
46	460	30.318834000000003	0.0	36256	61221.472695350654
46	461	32.725807	0.0	36336	61318.80913305282
46	462	29.778984	2.0	36417	61431.85724949838
46	463	33.6134	0.0	36498	61548.59657049178
46	464	26.387918	0.0	36579	61666.299476623535
46	465	33.260513	0.0	36658	61778.84632921219
46	466	31.300076	0.0	36738	61876.387184381485
46	467	27.897167	0.0	36817	61972.20460033418
46	468	34.503403000000006	0.0	36897	62084.00945615768
46	469	35.025259999999996	0.0	36975	62193.439970731735
47	470	30.77685	0.0	37055	62598.469287633896
47	471	32.505466	0.0	37134	62703.65118169785
47	472	29.64237	0.0	37212	62811.337615251534
47	473	34.217945	0.0	37293	62925.90775752068
47	474	28.165678000000003	0.0	37372	63038.69595360756
47	475	32.210915	0.0	37452	63151.362067699425
47	476	16.632935999999997	0.0	37529	63258.19802165032
47	477	24.938768	0.0	37607	63363.896486520774
47	478	21.502672	0.0	37685	63474.90321350098
47	479	32.403071999999995	0.0	37764	63588.82347011566
48	480	20.960426000000002	0.0	37842	64073.997428417206
48	481	0.23358671	0.0	37917	64179.66405463219
48	482	28.132107	1.0	37995	64291.938613176346
48	483	30.398294	0.0	38076	64407.33438253402
48	484	23.265753	0.0	38154	64502.48179912567
48	485	30.162309999999998	0.0	38234	64612.146010637276
48	486	32.318153	0.0	38312	64723.451965332024
48	487	30.073620000000002	0.0	38390	64837.01431655884
48	488	20.854925	0.0	38468	64945.661380529404
48	489	30.183495	0.0	38548	65059.13179278374
49	490	0.8211759	0.0	38623	65491.80451369285
49	491	37.604733	0.0	38705	65606.61875748634
49	492	2.2048883	0.0	38781	65714.49702310562
49	493	29.267096999999996	0.0	38862	65825.30262422563
49	494	31.703896000000004	0.0	38942	65923.17915344237
49	495	30.102562	0.0	39022	66025.07429528236
49	496	30.502619	0.0	39101	66138.07237958907
49	497	30.276806	0.0	39180	66253.82670974731
49	498	30.269415000000002	0.0	39260	66371.4114124775
49	499	30.477573	0.0	39340	66487.36162900925
50	500	26.006264	0.0	39418	66888.60897874832
50	501	24.326756	0.0	39497	66999.1124830246
50	502	31.832596000000002	0.0	39577	67111.55075526237
50	503	31.961876	0.0	39656	67220.39625191689
50	504	30.964165	0.0	39737	67317.33132600784
50	505	28.557194	0.0	39817	67415.65081167221
50	506	31.703808000000002	0.0	39895	67519.5290555954
50	507	27.989302000000002	0.0	39975	67634.49314498901
50	508	31.442045	0.0	40055	67750.42882871628
50	509	31.309193	0.0	40136	67868.24847340584
51	510	28.847046000000002	0.0	40216	68251.4228067398
51	511	10.224575999999999	0.0	40292	68360.27671480179
51	512	32.651413	0.0	40371	68469.8282251358
51	513	28.158641999999997	0.0	40451	68578.716807127
51	514	29.709670000000003	0.0	40532	68677.62816977501
51	515	20.181427	0.0	40610	68772.69494533539
51	516	10.904121	0.0	40686	68867.37223672867
51	517	22.152271	0.0	40764	68976.52221202849
51	518	0.6366881	1.0	40839	69083.4335064888
51	519	8.752025	0.0	40915	69194.38937163353
52	520	29.952118	0.0	40995	69671.59183931349
52	521	27.397572999999998	0.0	41074	69784.8361260891
52	522	31.648746000000003	0.0	41155	69899.06161594392
52	523	33.630756	0.0	41232	70007.2904419899
52	524	31.138329	0.0	41312	70108.86260199548
52	525	30.781961	0.0	41389	70201.71749472617
52	526	31.348011	0.0	41469	70303.72613835335
52	527	28.81017	0.0	41548	70415.52165102959
52	528	32.915558000000004	0.0	41628	70529.68588805199
52	529	0.4141983	0.0	41703	70637.50625920296
53	530	30.322342	0.0	41782	71086.19348740578
53	531	32.539387	0.0	41863	71204.45462346077
53	532	28.688196	0.0	41942	71315.83800315857
53	533	31.40762	0.0	42020	71424.28460907936
53	534	30.136392999999998	0.0	42101	71521.79978203772
53	535	34.40563	0.0	42182	71621.68166661263
53	536	0.45555943	0.0	42257	71725.51314353943
53	537	10.491823	0.0	42333	71835.64851808548
53	538	31.76667	0.0	42411	71943.84940576553
53	539	32.403374	0.0	42491	72060.48861813545
54	540	26.692581	0.0	42569	72427.83159780502
54	541	29.321882000000002	0.0	42647	72541.28150606155
54	542	28.666428000000003	0.0	42725	72655.52622747421
54	543	30.935268	0.0	42805	72771.1565117836
54	544	30.977858	0.0	42885	72875.5595510006
54	545	31.757671000000002	0.0	42965	72973.79477095604
54	546	30.140125	1.0	43044	73069.26317048073
54	547	23.81356	0.0	43123	73180.53758573532
54	548	32.8964	0.0	43202	73295.53558421135
54	549	24.953123	0.0	43281	73408.95575499535
55	550	31.595251	0.0	43361	73814.32499265671
55	551	28.107664	0.0	43440	73923.14831137657
55	552	33.342545	0.0	43520	74037.15057396889
55	553	31.672543	0.0	43599	74150.86064457892
55	554	4.802044400000001	0.0	43674	74260.26547813416
55	555	31.3801	0.0	43754	74370.68868303299
55	556	30.548544	0.0	43832	74473.0928428173
55	557	28.943983000000003	0.0	43912	74572.56319570541
55	558	35.405384000000005	0.0	43994	74686.62336993217
55	559	22.99533	0.0	44071	74795.45988225937
56	560	31.186809999999998	0.0	44149	75171.57965540887
56	561	0.5762967	0.0	44224	75264.5700712204
56	562	30.334383000000003	0.0	44305	75378.6165471077
56	563	23.741125	0.0	44383	75488.93568873405
56	564	2.5809834	0.0	44459	75597.17151498795
56	565	30.622065000000003	0.0	44538	75708.66939043999
56	566	30.241117	0.0	44617	75817.91291689873
56	567	8.7039585	0.0	44693	75916.40701842308
56	568	29.660947999999998	0.0	44772	76013.22864079474
56	569	24.16328	0.0	44851	76122.23723506927
57	570	29.420357	0.0	44931	76514.65362858772
57	571	28.358288	0.0	45011	76612.45404887201
57	572	4.521814	0.0	45087	76704.23759460449
57	573	32.672965999999995	0.0	45167	76814.80407810211
57	574	29.873316	0.0	45246	76927.17715334892
57	575	31.502583	0.0	45326	77041.30660128593
57	576	33.586094	0.0	45408	77161.29531693459
57	577	30.73136	0.0	45486	77268.19832777977
57	578	24.401592	0.0	45565	77376.71374511719
57	579	30.990253000000003	0.0	45646	77488.88098955153
58	580	30.972986	0.0	45726	77924.88778543472
58	581	30.498974	0.0	45804	78019.94022583961
58	582	31.130058000000002	0.0	45883	78117.42965602875
58	583	34.50982	0.0	45964	78224.6220562458
58	584	29.38246	0.0	46043	78332.46752715111
58	585	25.9317	0.0	46122	78442.59624123572
58	586	5.275052	0.0	46198	78551.44927239418
58	587	0.7566603	0.0	46273	78650.7909245491
58	588	28.975485	0.0	46354	78761.65580916405
58	589	34.353962	0.0	46433	78871.72716403008
59	590	27.122957	0.0	46512	79334.56634116173
59	591	33.18322	0.0	46591	79431.40739941597
59	592	28.119320000000002	0.0	46670	79526.75560498238
59	593	30.477684000000004	0.0	46750	79639.60207128525
59	594	27.96756	0.0	46828	79750.32236027718
59	595	34.184258	0.0	46909	79865.09561371803
59	596	14.372829000000001	0.0	46985	79973.52667117119
59	597	27.238196999999996	0.0	47064	80069.51406621933
59	598	29.605083	0.0	47143	80165.48064303398
59	599	32.53577	0.0	47223	80262.22621107101
60	600	24.541819	0.0	47302	80705.22028899193
60	601	24.937817000000003	0.0	47380	80811.65576863289
60	602	27.99483	0.0	47459	80908.37347579002
60	603	5.701528	0.0	47535	81001.16896271706
60	604	-0.026002316	0.0	47610	81108.50965571404
60	605	13.907069	0.0	47687	81215.4046201706
60	606	24.427623999999998	0.0	47764	81323.14606285095
60	607	32.023945	0.0	47843	81432.714884758
60	608	3.2237117000000004	0.0	47919	81522.3592069149
60	609	28.82188	0.0	47995	81614.24024224281
61	610	28.13709	0.0	48074	82013.31119084357
61	611	18.394556	0.0	48152	82126.85472369194
61	612	33.152615000000004	0.0	48233	82238.11135792732
61	613	3.5614328	0.0	48309	82340.65278577805
61	614	32.064021999999994	0.0	48390	82442.14062833786
61	615	25.12193	0.0	48469	82553.53461933137
61	616	31.209234000000002	0.0	48548	82665.56888723372
61	617	31.202659999999998	0.0	48628	82778.66947126389
61	618	33.15119	0.0	48710	82888.97367215157
61	619	21.8195	0.0	48787	82983.42602515219
62	620	11.024678999999999	0.0	48864	83377.8157286644
62	621	29.457328999999998	1.0	48944	83489.15195512773
62	622	30.178644	0.0	49022	83599.00341320036
62	623	30.574238	0.0	49101	83707.08671188353
62	624	30.458458	0.0	49180	83815.50578379631
62	625	28.897207	0.0	49260	83928.62163853644
62	626	3.6360714	0.0	49336	84037.51233196259
62	627	15.494952	0.0	49412	84146.39501309395
62	628	32.20892	0.0	49491	84261.7713022232
62	629	28.664244	0.0	49573	84366.08635854721
63	630	5.952538	0.0	49649	84791.01269340515
63	631	29.549334	0.0	49728	84900.32139587402
63	632	29.536701	0.0	49808	85013.66731619835
63	633	32.59851	0.0	49886	85109.70922517776
63	634	27.414633000000002	0.0	49966	85218.9227437973
63	635	26.640653999999998	0.0	50043	85326.22981309892
63	636	33.242165	0.0	50125	85443.66210150719
63	637	29.738065999999996	0.0	50204	85555.29269361496
63	638	32.64884	0.0	50284	85667.68782663345
63	639	32.772488	0.0	50363	85772.66046619415
64	640	31.555584000000003	0.0	50443	86202.95665812492
64	641	30.166846999999997	0.0	50523	86315.84775710106
64	642	19.27683	0.0	50599	86423.53402304651
64	643	22.971186	0.0	50677	86523.3916463852
64	644	30.692099	0.0	50756	86620.06838726997
64	645	28.183396999999996	0.0	50837	86730.75821280481
64	646	32.350914	0.0	50918	86848.75774765015
64	647	32.55049	0.0	50995	86960.70156431197
64	648	32.280506	0.0	51074	87076.79443025589
64	649	29.427889	0.0	51154	87184.99526190758
