Epoch	Episode	EpRet	EpCost	TotalEnvInteracts	Time
0	0	15.097228	2.0	103	1153.9146523475647
0	1	13.60609	0.0	206	1291.744434595108
0	2	15.283053	0.0	309	1433.7487161159515
0	3	18.44004	0.0	412	1575.4946510791779
0	4	15.7055235	0.0	516	1718.4918022155762
0	5	16.338942	0.0	619	1860.3676571846008
0	6	17.56659	0.0	724	2005.8456094264984
0	7	18.581747	0.0	829	2140.487987279892
0	8	2.3997507	0.0	930	2283.0601131916046
0	9	15.987604	0.0	1032	2428.157083749771
1	10	5.9451256	0.0	1133	2935.2450404167175
1	11	4.0770564	0.0	1234	3074.6407606601715
1	12	16.255333	0.0	1336	3212.0752654075623
1	13	13.406675	0.0	1438	3356.2557697296143
1	14	15.967763	0.0	1542	3500.486542701721
1	15	15.033568	0.0	1643	3634.210131406784
1	16	14.791988	0.0	1745	3767.918035030365
1	17	15.907806	0.0	1849	3905.6259365081787
1	18	15.344618	0.0	1952	4045.8626384735107
1	19	14.012515	0.0	2056	4193.844028711319
2	20	15.781857	0.0	2159	4702.283895254135
2	21	17.053143	0.0	2263	4842.409482002258
2	22	8.916475	0.0	2364	4998.529899835587
2	23	14.646554	0.0	2467	5142.760414600372
2	24	14.554754	2.0	2570	5281.8111000061035
2	25	16.745935	0.0	2674	5421.81750535965
2	26	17.14593	0.0	2778	5558.996335983276
2	27	16.245361	0.0	2881	5695.7452964782715
2	28	4.7287593	0.0	2982	5857.310443162918
2	29	12.515981	0.0	3085	6006.890512704849
3	30	11.560539	1.0	3188	6347.418962717056
3	31	16.179329	0.0	3290	6497.873207569122
3	32	12.307821	1.0	3391	6647.213672637939
3	33	16.551498	0.0	3495	6790.438500165939
3	34	17.768236	0.0	3599	6925.103344202042
3	35	11.286408	0.0	3701	7066.980021715164
3	36	15.096333	0.0	3804	7199.191229581833
3	37	15.44818	0.0	3907	7335.760326862335
3	38	16.977028	0.0	4010	7480.699378013611
3	39	14.481762	0.0	4113	7623.787560939789
4	40	15.720384	0.0	4215	7994.873696088791
4	41	16.15459	0.0	4317	8133.233081817627
4	42	16.183758	0.0	4421	8282.85824418068
4	43	10.206951	0.0	4523	8439.091358423233
4	44	18.189398	0.0	4626	8579.658682823181
4	45	9.193058	0.0	4728	8728.44915509224
4	46	14.492504	0.0	4830	8869.025650024414
4	47	11.94778	0.0	4933	9020.412872314453
4	48	15.543274	0.0	5036	9166.407919168472
4	49	18.016954	0.0	5138	9307.848099708557
5	50	16.435064	0.0	5241	9657.642325639725
5	51	15.26528	1.0	5343	9795.915749073029
5	52	19.105824	0.0	5449	9938.441259145737
5	53	18.697437	0.0	5552	10080.768645524979
5	54	16.815397	0.0	5656	10217.052873134613
5	55	14.82474	0.0	5759	10359.924573421478
5	56	0.527607	0.0	5859	10509.912859201431
5	57	17.021212	0.0	5962	10658.825090885162
5	58	18.898033	0.0	6064	10799.389223575592
5	59	17.581661	0.0	6167	10931.848853826523
6	60	14.46597	0.0	6269	11429.264377832413
6	61	15.1354	0.0	6372	11579.373936891556
6	62	17.13526	0.0	6476	11728.095651388168
6	63	15.778789	0.0	6578	11876.116625070572
6	64	17.524555	0.0	6680	12026.46615409851
6	65	17.56992	0.0	6783	12174.507665395737
6	66	17.418037	0.0	6885	12316.511224031448
6	67	17.908514	0.0	6989	12457.341507911682
6	68	12.051395	0.0	7092	12604.69811797142
6	69	15.878586	0.0	7194	12745.752768278122
7	70	17.175516	0.0	7297	13272.49336528778
7	71	17.371754	0.0	7401	13412.297273635864
7	72	18.00256	0.0	7504	13552.319152593613
7	73	18.140522	0.0	7609	13696.913601398468
7	74	15.698646	1.0	7711	13839.95721077919
7	75	17.09523	0.0	7815	13985.718397140503
7	76	17.378355	0.0	7918	14130.571664333344
7	77	16.863901	0.0	8021	14269.74737071991
7	78	17.596148	2.0	8123	14413.134184360504
7	79	11.48292	0.0	8225	14562.055594682693
8	80	3.2781367	0.0	8326	15011.404595375061
8	81	16.639107	0.0	8430	15152.656180381775
8	82	17.30644	0.0	8532	15296.717465639114
8	83	16.250387	0.0	8635	15444.654515981674
8	84	7.949912	0.0	8737	15584.761988639832
8	85	16.87872	0.0	8840	15726.95582818985
8	86	14.762354	0.0	8942	15869.095354318619
8	87	19.410265	0.0	9044	16005.60709118843
8	88	15.094934	0.0	9148	16147.51038813591
8	89	10.240162	0.0	9250	16290.932911396027
9	90	16.848883	0.0	9352	16799.392074108124
9	91	3.0836513	0.0	9453	16966.88507795334
9	92	12.932561	0.0	9556	17111.85005712509
9	93	16.78623	0.0	9660	17249.614292621613
9	94	18.831512	0.0	9765	17401.294677972794
9	95	16.219896	3.0	9868	17542.291156053543
9	96	17.355808	0.0	9971	17685.44001197815
9	97	17.154205	0.0	10074	17825.08737707138
9	98	16.41935	0.0	10177	17968.546169757843
9	99	17.25756	0.0	10280	18113.825617074966
10	100	17.005144	0.0	10383	18609.51536464691
10	101	10.037914	0.0	10485	18759.189108371735
10	102	13.709315	0.0	10587	18910.520949840546
10	103	19.100006	0.0	10691	19053.23020839691
10	104	17.428387	0.0	10793	19209.896792411804
10	105	14.364483	1.0	10895	19362.156165361404
10	106	15.865069	0.0	10999	19502.369750499725
10	107	16.035332	0.0	11101	19658.44380569458
10	108	17.936201	0.0	11205	19806.060232639313
10	109	16.610926	0.0	11308	19948.6467294693
11	110	16.74104	0.0	11411	20267.483927488327
11	111	15.53821	0.0	11515	20410.475115299225
11	112	0.5243456	0.0	11615	20573.876229286194
11	113	17.224098	0.0	11716	20714.89450454712
11	114	17.10007	0.0	11818	20852.04959845543
11	115	16.955935	0.0	11921	20998.970083236694
11	116	16.430864	0.0	12023	21140.020877838135
11	117	19.54802	0.0	12126	21273.07676053047
11	118	15.805277	0.0	12228	21403.83741426468
11	119	16.711775	0.0	12331	21534.57325363159
12	120	18.20773	0.0	12435	21916.99178004265
12	121	18.413704	0.0	12539	22041.737385749817
12	122	16.757126	0.0	12642	22176.566725730896
12	123	16.405127	0.0	12745	22309.310787439346
12	124	17.207428	0.0	12847	22434.529170036316
12	125	17.173796	0.0	12951	22571.72643184662
12	126	4.4036155	0.0	13051	22713.300948619843
12	127	16.305004	0.0	13155	22842.328453063965
12	128	12.316608	0.0	13257	22982.43555212021
12	129	17.800097	0.0	13361	23108.218715906143
13	130	17.146393	0.0	13465	23541.52646589279
13	131	18.785196	0.0	13570	23677.01592707634
13	132	16.581467	0.0	13673	23807.8296585083
13	133	17.653881	0.0	13776	23938.390335083008
13	134	16.607868	0.0	13879	24069.31341767311
13	135	16.915071	0.0	13981	24199.578689098358
13	136	18.161669	0.0	14085	24327.760556459427
13	137	16.61499	0.0	14188	24458.960144758224
13	138	16.98581	0.0	14291	24593.393796682358
13	139	16.884062	0.0	14394	24729.063756465912
14	140	16.322409	0.0	14498	25039.938804149628
14	141	17.868404	0.0	14601	25167.507782697678
14	142	17.568745	0.0	14705	25287.426563501358
14	143	16.329184	2.0	14808	25415.735899686813
14	144	14.359054	0.0	14910	25548.912781000137
14	145	17.556845	0.0	15013	25684.327052116394
14	146	15.1721	0.0	15116	25818.567628383636
14	147	18.877012	0.0	15220	25947.926218748093
14	148	17.536196	0.0	15323	26075.704395771027
14	149	18.262775	0.0	15424	26199.889995098114
15	150	2.6007545	0.0	15525	26657.895215511322
15	151	16.173601	0.0	15629	26784.782920360565
15	152	17.792112	0.0	15733	26915.606120586395
15	153	16.830942	0.0	15836	27045.266013145447
15	154	13.394415	0.0	15938	27173.299198150635
15	155	15.3807335	0.0	16041	27301.94992828369
15	156	16.246319	0.0	16145	27429.58413887024
15	157	17.881521	0.0	16247	27560.809042692184
15	158	17.132072	0.0	16350	27687.481487989426
15	159	17.30164	0.0	16454	27820.366988182068
16	160	2.0156522	0.0	16555	28187.72340631485
16	161	18.36644	0.0	16657	28308.854182243347
16	162	17.553617	0.0	16761	28445.433826208115
16	163	17.39145	0.0	16864	28575.862242937088
16	164	17.428411	0.0	16966	28700.87434363365
16	165	17.234068	0.0	17070	28829.35021996498
16	166	17.635592	0.0	17174	28958.948144197464
16	167	15.807855	0.0	17277	29086.254157543182
16	168	16.455643	2.0	17379	29213.74747109413
16	169	15.49986	0.0	17482	29348.180215358734
17	170	17.003906	0.0	17585	29798.81153154373
17	171	18.29522	1.0	17687	29925.04815888405
17	172	16.697441	0.0	17790	30051.135837316513
17	173	9.382769	0.0	17892	30183.107462882996
17	174	16.891764	0.0	17995	30307.199061632156
17	175	17.67576	0.0	18098	30436.49045085907
17	176	19.74901	2.0	18202	30568.010349035263
17	177	17.221617	0.0	18306	30696.68341088295
17	178	17.8653	0.0	18409	30826.398314476013
17	179	17.067547	0.0	18514	30955.89208984375
18	180	6.535971	0.0	18615	31321.45939540863
18	181	17.247154	0.0	18719	31456.141520023346
18	182	17.078066	0.0	18822	31585.416113376617
18	183	15.768713	0.0	18924	31713.58884525299
18	184	17.125805	0.0	19027	31838.38132405281
18	185	16.237602	0.0	19130	31966.558393239975
18	186	20.059801	0.0	19233	32100.494278907776
18	187	16.212864	0.0	19336	32226.142834186554
18	188	16.296402	2.0	19439	32361.341194868088
18	189	16.288475	0.0	19541	32488.08442258835
19	190	15.557176	0.0	19642	32827.56873345375
19	191	17.21746	0.0	19745	32952.24929213524
19	192	16.398773	0.0	19849	33085.83723306656
19	193	16.820652	0.0	19953	33221.55357122421
19	194	13.879022	0.0	20056	33359.56137895584
19	195	17.488598	0.0	20160	33492.39123868942
19	196	17.274452	0.0	20264	33626.30765295029
19	197	16.421438	0.0	20366	33754.2514872551
19	198	18.623428	0.0	20470	33897.470576524734
19	199	16.009552	0.0	20574	34028.64826440811
20	200	19.69817	0.0	20678	34360.215002298355
20	201	10.528149	0.0	20779	34500.04094481468
20	202	16.039705	0.0	20883	34633.6435444355
20	203	16.910357	0.0	20987	34765.588534116745
20	204	2.3974411	0.0	21087	34910.89844107628
20	205	14.018383	0.0	21189	35035.11180257797
20	206	18.848577	0.0	21292	35164.515516757965
20	207	16.356783	0.0	21393	35290.12319993973
20	208	19.348839	0.0	21496	35418.306898355484
20	209	16.620348	0.0	21598	35551.27031493187
21	210	1.0735986	0.0	21698	35989.616822481155
21	211	16.160786	0.0	21799	36132.334072589874
21	212	19.371492	1.0	21903	36272.18752813339
21	213	16.169067	0.0	22007	36405.12869310379
21	214	18.95755	0.0	22111	36535.54184961319
21	215	18.327574	0.0	22216	36673.631148815155
21	216	18.413582	0.0	22320	36809.63607120514
21	217	16.927132	0.0	22422	36940.67797088623
21	218	18.055075	1.0	22524	37075.5245616436
21	219	19.642418	0.0	22628	37210.031754255295
22	220	17.47188	0.0	22730	37702.07404255867
22	221	16.764574	0.0	22834	37837.653106212616
22	222	15.301948	0.0	22937	37976.23110508919
22	223	6.0956473	0.0	23038	38121.67136597633
22	224	15.29307	0.0	23140	38249.81980538368
22	225	17.79052	0.0	23243	38380.76768374443
22	226	18.851377	0.0	23346	38513.22522306442
22	227	18.153126	0.0	23450	38653.34924530983
22	228	14.414762	0.0	23554	38792.598809957504
22	229	18.59546	0.0	23659	38932.14589524269
23	230	17.263758	0.0	23762	39431.62593150139
