Epoch	Episode	EpRet	EpCost	TotalEnvInteracts	Time
0	0	8.453945	18.0	101	1066.0193498134613
0	1	9.336516	17.0	202	1090.9063589572906
0	2	16.023571	7.0	304	1116.1661140918732
0	3	10.851787	10.0	406	1140.992478609085
0	4	16.297462	4.0	508	1166.156323671341
0	5	16.621515	11.0	610	1191.2357184886932
0	6	17.091516	0.0	711	1215.8963022232056
0	7	15.209502	21.0	814	1241.12651181221
0	8	16.52336	0.0	917	1266.2859876155853
0	9	15.462609	7.0	1018	1290.9060134887695
1	10	15.583592	24.0	1120	1586.4957716464996
1	11	15.49461	9.0	1222	1611.1737484931946
1	12	16.106709	7.0	1324	1636.2669677734375
1	13	14.90552	1.0	1427	1661.0297956466675
1	14	15.307091	2.0	1529	1685.4301567077637
1	15	15.449437	9.0	1631	1710.2467112541199
1	16	17.896112	9.0	1733	1734.9492964744568
1	17	18.31446	6.0	1835	1760.668273448944
1	18	12.421984	40.0	1937	1786.5030388832092
1	19	15.416401	6.0	2041	1812.6524074077606
2	20	17.864769	5.0	2144	2208.2714648246765
2	21	18.806316	3.0	2247	2233.8029038906097
2	22	18.439651	0.0	2350	2259.1356194019318
2	23	12.681158	2.0	2452	2284.4765660762787
2	24	18.509962	0.0	2554	2309.777450323105
2	25	16.577068	0.0	2657	2335.5737659931183
2	26	9.238094	8.0	2758	2360.95716381073
2	27	4.00985	26.0	2858	2385.725524663925
2	28	17.19433	3.0	2961	2410.9938457012177
2	29	14.051287	31.0	3063	2436.0863029956818
3	30	18.956577	4.0	3167	2738.154005765915
3	31	16.294195	8.0	3267	2762.3179705142975
3	32	16.131098	0.0	3369	2787.0833101272583
3	33	17.201315	6.0	3471	2811.713531255722
3	34	16.37826	13.0	3573	2836.1959958076477
3	35	15.709354	2.0	3676	2861.483471632004
3	36	15.977114	3.0	3780	2887.0748291015625
3	37	16.17432	6.0	3882	2911.687834262848
3	38	15.85495	15.0	3985	2936.5803773403168
3	39	17.63273	9.0	4087	2961.124329328537
4	40	16.97295	4.0	4189	3145.715888977051
4	41	18.70257	5.0	4292	3170.7403836250305
4	42	17.449087	0.0	4395	3195.895570755005
4	43	16.643433	4.0	4499	3221.4623103141785
4	44	14.353978	11.0	4601	3246.34903717041
4	45	16.297081	11.0	4702	3271.4830555915833
4	46	17.154428	3.0	4805	3296.947934150696
4	47	18.094852	10.0	4908	3322.4130573272705
4	48	14.9854965	5.0	5009	3347.0530936717987
4	49	16.696236	8.0	5112	3371.9389202594757
5	50	17.219664	14.0	5215	3740.727828502655
5	51	17.105284	0.0	5317	3766.179013490677
5	52	16.888073	7.0	5421	3791.1863346099854
5	53	15.591196	11.0	5523	3815.8987896442413
5	54	18.44931	6.0	5626	3840.350905418396
5	55	16.16803	14.0	5729	3865.531824350357
5	56	6.142022	6.0	5829	3890.5570707321167
5	57	16.856073	12.0	5933	3915.9076778888702
5	58	19.065994	3.0	6036	3940.7626872062683
5	59	16.695484	4.0	6138	3965.4554262161255
6	60	17.0612	0.0	6240	4257.155252456665
6	61	17.628654	5.0	6343	4282.303102731705
6	62	17.504686	13.0	6445	4307.432435512543
6	63	18.49839	4.0	6548	4332.495974302292
6	64	16.856089	2.0	6650	4357.212703227997
6	65	16.673649	12.0	6752	4382.355873823166
6	66	17.853668	1.0	6855	4407.65500664711
6	67	15.580305	0.0	6958	4433.179819345474
6	68	17.208393	2.0	7061	4458.7809908390045
6	69	16.987654	9.0	7164	4483.895293474197
7	70	18.82896	0.0	7267	4653.317793130875
7	71	15.376926	4.0	7368	4677.484343290329
7	72	18.025455	3.0	7471	4702.151748418808
7	73	16.520151	0.0	7573	4726.945204257965
7	74	18.205063	6.0	7675	4751.5895030498505
7	75	17.812536	3.0	7778	4776.200101852417
7	76	17.720633	13.0	7881	4801.062696456909
7	77	18.859426	3.0	7985	4826.116077423096
7	78	16.69822	2.0	8088	4851.0557725429535
7	79	14.804777	12.0	8190	4875.751805305481
8	80	17.701595	0.0	8293	5253.157292842865
8	81	17.806955	2.0	8395	5279.112900018692
8	82	15.253437	7.0	8497	5305.085115909576
8	83	18.894236	6.0	8600	5331.144812107086
8	84	18.108501	5.0	8704	5357.582793474197
8	85	16.639143	5.0	8807	5383.914791584015
8	86	17.12143	2.0	8910	5409.170444488525
8	87	20.3309	0.0	9013	5434.127502441406
8	88	19.014473	6.0	9115	5459.190131664276
8	89	19.173182	6.0	9218	5484.309595584869
9	90	17.503387	2.0	9321	5678.223273038864
9	91	16.424665	0.0	9423	5703.166496515274
9	92	18.763468	8.0	9526	5728.154993534088
9	93	17.78047	2.0	9628	5752.97904419899
9	94	17.484852	10.0	9730	5777.839645147324
9	95	17.9354	7.0	9832	5802.386271715164
9	96	10.787738	7.0	9934	5827.254568338394
9	97	19.27716	3.0	10036	5851.70961689949
9	98	18.013235	0.0	10140	5877.043084144592
9	99	19.656061	0.0	10244	5902.287311077118
10	100	17.51128	6.0	10348	6098.049570560455
10	101	19.173433	0.0	10451	6123.1351816654205
10	102	19.424992	0.0	10553	6148.070666313171
10	103	16.75782	0.0	10655	6173.185134887695
10	104	17.851503	16.0	10758	6197.979203939438
10	105	16.608784	6.0	10859	6222.408399581909
10	106	19.629438	4.0	10961	6247.152189016342
10	107	15.827101	2.0	11062	6271.818396806717
10	108	17.589197	7.0	11165	6296.952841520309
10	109	16.11619	4.0	11269	6321.698148727417
11	110	17.39621	8.0	11372	6497.323097705841
11	111	18.905735	4.0	11475	6522.374383449554
11	112	16.521168	10.0	11578	6547.399687051773
11	113	17.58241	1.0	11681	6572.245447635651
11	114	17.200663	4.0	11784	6597.323433876038
11	115	17.776323	11.0	11886	6622.482367277145
11	116	18.47621	6.0	11989	6647.953838586807
11	117	14.794679	28.0	12091	6673.859682559967
11	118	17.697754	2.0	12194	6700.229296207428
11	119	17.343	0.0	12295	6725.3522963523865
12	120	18.873035	9.0	12398	6999.699006795883
12	121	19.20973	6.0	12502	7025.438102483749
12	122	18.085379	2.0	12605	7050.959592342377
12	123	19.07494	8.0	12707	7075.450840473175
12	124	17.774036	2.0	12811	7100.069522619247
12	125	16.79586	0.0	12914	7124.711744070053
12	126	17.889973	3.0	13017	7149.335784912109
12	127	18.143896	11.0	13120	7173.918701887131
12	128	16.25841	8.0	13222	7198.616524219513
12	129	18.30431	1.0	13324	7223.3717975616455
13	130	16.04602	1.0	13427	7553.287640094757
13	131	17.076797	4.0	13529	7577.761811256409
13	132	14.086408	0.0	13631	7602.337102174759
13	133	20.425873	4.0	13734	7627.283138751984
13	134	15.387247	5.0	13836	7651.853241920471
13	135	12.212359	12.0	13937	7676.43269610405
13	136	18.161749	5.0	14039	7701.004999876022
13	137	16.45503	0.0	14143	7725.941990613937
13	138	16.458897	2.0	14245	7750.32848906517
13	139	19.87321	0.0	14348	7775.192985773087
14	140	17.86281	2.0	14450	7998.574754953384
14	141	16.925634	1.0	14552	8023.531312227249
14	142	16.726553	2.0	14655	8048.728983879089
14	143	17.231813	19.0	14758	8073.867513418198
14	144	18.287825	9.0	14860	8098.6856553554535
14	145	17.120905	9.0	14962	8123.63232421875
14	146	16.195763	9.0	15064	8148.375645637512
14	147	18.270273	0.0	15167	8173.84897685051
14	148	16.906013	5.0	15269	8198.738297224045
14	149	18.031572	5.0	15371	8223.491270065308
15	150	18.730854	2.0	15474	8577.400774240494
15	151	17.222784	9.0	15576	8603.204692840576
15	152	17.569126	3.0	15679	8629.302134275436
15	153	20.119555	7.0	15781	8654.682147979736
15	154	17.036396	5.0	15885	8680.547200679779
15	155	16.502249	5.0	15987	8705.449489116669
15	156	16.824766	4.0	16089	8730.18164229393
15	157	17.118986	3.0	16191	8755.051223993301
15	158	17.479788	0.0	16294	8780.156094789505
15	159	19.810516	4.0	16398	8805.73527097702
16	160	16.41638	3.0	16501	9099.397126674652
16	161	17.139177	3.0	16605	9124.974750757217
16	162	17.586054	7.0	16706	9149.602927207947
16	163	18.262753	1.0	16809	9174.621240139008
16	164	20.2118	4.0	16913	9199.817731380463
16	165	16.6263	2.0	17015	9224.430197000504
16	166	17.989624	8.0	17117	9249.272097110748
16	167	16.098234	12.0	17219	9274.092727899551
16	168	15.465085	9.0	17321	9299.151480197906
16	169	17.137037	4.0	17424	9324.584497451782
17	170	19.473577	3.0	17526	9643.01820063591
17	171	18.400158	2.0	17628	9667.459963560104
17	172	19.037529	2.0	17730	9691.977140426636
17	173	16.281488	5.0	17833	9716.856702327728
17	174	17.814041	5.0	17936	9741.591098546982
17	175	16.36095	0.0	18039	9765.87289571762
17	176	13.609656	7.0	18141	9790.781868934631
17	177	15.883236	0.0	18243	9814.788056373596
17	178	18.374327	2.0	18347	9839.561331033707
17	179	17.8573	1.0	18449	9863.562830209732
18	180	17.876183	4.0	18552	10289.588694095612
18	181	19.457788	3.0	18656	10315.231778144836
18	182	15.720699	12.0	18757	10339.943419218063
18	183	16.676973	5.0	18858	10364.670846223831
18	184	16.394398	0.0	18960	10389.522913455963
18	185	18.425262	5.0	19062	10414.447637557983
18	186	15.670257	6.0	19164	10439.543780565262
18	187	15.928967	11.0	19267	10464.398667573929
18	188	16.894255	3.0	19369	10489.273109912872
18	189	16.324013	2.0	19472	10514.413798570633
19	190	16.133259	2.0	19574	10722.729264974594
19	191	17.04788	3.0	19676	10747.253913879395
19	192	19.16954	6.0	19779	10771.936854600906
19	193	16.456324	6.0	19881	10796.784511089325
19	194	16.961344	0.0	19983	10821.69098162651
19	195	15.951304	1.0	20086	10846.36498618126
19	196	19.153175	6.0	20188	10871.209082841873
19	197	16.582415	3.0	20291	10896.2444896698
19	198	17.342215	5.0	20392	10921.128679990768
19	199	19.505787	5.0	20496	10946.584090471268
20	200	18.471972	3.0	20598	11133.603374004364
20	201	17.202066	0.0	20700	11158.171289205551
20	202	16.723284	0.0	20805	11183.689037799835
20	203	18.685303	2.0	20908	11208.472736358643
20	204	16.390026	4.0	21010	11233.26117014885
20	205	18.159939	3.0	21113	11258.539247512817
20	206	19.623247	5.0	21216	11283.403275489807
20	207	16.964535	0.0	21319	11308.380645751953
20	208	17.329323	8.0	21420	11332.561869382858
20	209	18.1743	5.0	21523	11357.03124332428
21	210	16.724358	2.0	21626	11763.034318447113
21	211	18.036407	2.0	21727	11787.35901093483
21	212	20.181942	0.0	21831	11812.357465982437
21	213	19.446941	5.0	21934	11837.226182699203
21	214	14.6620655	5.0	22036	11861.878051280975
21	215	18.341673	6.0	22139	11886.823637962341
21	216	18.302763	6.0	22242	11911.60487318039
21	217	18.884651	5.0	22344	11936.380693912506
21	218	15.889053	1.0	22445	11961.07927942276
21	219	17.957682	0.0	22548	11985.957985162735
22	220	16.96053	10.0	22651	12176.290384292603
22	221	18.516531	0.0	22753	12201.106128692627
22	222	16.684618	6.0	22856	12226.232608795166
22	223	16.27091	2.0	22959	12251.08016872406
22	224	16.964275	6.0	23061	12275.613729476929
22	225	17.459162	1.0	23163	12300.509366750717
22	226	19.116524	3.0	23266	12325.448564052582
22	227	17.433151	1.0	23368	12350.388541221619
22	228	16.049929	0.0	23470	12375.132663965225
22	229	17.188961	3.0	23573	12400.06685090065
23	230	18.539154	0.0	23676	12685.967901468277
23	231	19.0368	1.0	23779	12711.195124864578
23	232	18.28386	0.0	23882	12736.137103557587
23	233	18.55299	1.0	23985	12760.82819700241
23	234	17.50543	5.0	24088	12785.641097068787
23	235	17.055994	5.0	24190	12810.717418432236
23	236	17.99545	4.0	24294	12835.989326953888
23	237	19.939234	1.0	24397	12861.212602853775
23	238	16.906477	2.0	24499	12885.962856054306
23	239	10.505479	2.0	24600	12911.457256793976
24	240	18.068663	2.0	24702	13165.287124156952
24	241	18.661142	3.0	24805	13191.13974571228
24	242	16.086374	2.0	24908	13216.364178180695
24	243	16.401552	9.0	25010	13240.968859672546
24	244	17.480751	3.0	25112	13265.550676822662
24	245	16.924305	0.0	25214	13290.273770809174
24	246	20.13514	5.0	25317	13315.325188159943
24	247	18.426863	1.0	25420	13340.456933736801
24	248	13.697935	12.0	25521	13365.295948505402
24	249	17.229889	6.0	25622	13389.802631855011
25	250	19.95257	4.0	25726	13751.469357728958
25	251	18.962843	2.0	25829	13776.354733467102
25	252	17.048426	0.0	25933	13801.196257352829
25	253	15.112491	4.0	26036	13826.409384965897
25	254	16.001577	5.0	26137	13850.711959123611
25	255	16.207035	2.0	26241	13876.296459913254
25	256	16.015724	0.0	26343	13901.165031433105
25	257	16.753147	3.0	26446	13926.605495214462
25	258	16.213083	3.0	26549	13951.773928403854
25	259	17.352198	2.0	26652	13977.000970602036
26	260	18.933735	6.0	26755	14269.250996112823
26	261	18.79808	0.0	26857	14294.942402362823
26	262	17.908817	0.0	26960	14320.551275730133
26	263	18.239964	3.0	27062	14345.58472776413
26	264	20.684553	1.0	27165	14370.84781908989
26	265	18.38488	8.0	27268	14396.31291604042
26	266	17.633923	3.0	27371	14421.754718780518
26	267	18.585636	5.0	27472	14446.765886545181
26	268	11.333033	32.0	27575	14472.987915039062
26	269	19.066866	10.0	27677	14498.818126678467
27	270	17.957241	2.0	27780	14770.22966003418
27	271	18.182745	2.0	27881	14794.590020895004
27	272	17.475595	0.0	27984	14819.913100481033
27	273	18.746864	3.0	28087	14844.332901716232
27	274	16.352285	5.0	28189	14869.683249950409
27	275	17.16864	0.0	28292	14895.320163488388
27	276	13.280551	3.0	28395	14920.898429632187
27	277	17.521032	2.0	28498	14945.957326889038
27	278	17.84949	2.0	28600	14971.006635189056
27	279	18.681725	8.0	28703	14996.188694238663
28	280	14.309229	8.0	28805	15243.95595574379
28	281	15.474312	2.0	28907	15269.11334824562
28	282	18.076748	0.0	29012	15294.760764837265
28	283	17.10184	0.0	29116	15320.464806079865
28	284	18.784796	6.0	29219	15345.472342729568
28	285	15.212265	0.0	29321	15370.37107515335
28	286	19.26321	4.0	29425	15395.829319238663
28	287	16.486	8.0	29528	15420.699353933334
28	288	17.076786	6.0	29630	15445.358588457108
28	289	17.930716	8.0	29734	15470.790194034576
29	290	19.274677	2.0	29837	15719.537964344025
29	291	18.72568	0.0	29941	15744.689889192581
29	292	19.350973	4.0	30043	15769.439951181412
29	293	18.573706	3.0	30147	15794.875014066696
29	294	17.115856	7.0	30248	15819.582163095474
29	295	16.449871	4.0	30350	15844.628418207169
29	296	17.191935	1.0	30452	15869.388896465302
29	297	17.751257	3.0	30555	15894.401470422745
29	298	16.99413	3.0	30657	15919.0520966053
29	299	17.3645	0.0	30759	15943.539877176285
30	300	17.057997	5.0	30862	16359.58201622963
30	301	16.527828	4.0	30964	16383.954508543015
30	302	15.594446	7.0	31067	16408.93019914627
30	303	19.425325	1.0	31170	16433.841624498367
30	304	17.69853	0.0	31273	16458.497459173203
30	305	3.53827	50.0	31374	16482.97095131874
30	306	15.636135	0.0	31476	16507.569840192795
30	307	18.097572	0.0	31577	16532.073153972626
30	308	17.011679	3.0	31680	16556.71953368187
30	309	19.123375	0.0	31782	16581.0397233963
31	310	16.636137	8.0	31883	16933.670508384705
31	311	18.161356	2.0	31988	16958.72435092926
31	312	15.733976	4.0	32091	16983.759099006653
31	313	17.650482	2.0	32194	17008.445064544678
31	314	17.382862	1.0	32297	17033.272221565247
31	315	16.92654	7.0	32400	17058.34490442276
31	316	17.566961	4.0	32503	17083.291037082672
31	317	16.726208	3.0	32606	17108.224788188934
31	318	17.238972	0.0	32708	17133.06961274147
31	319	16.708662	1.0	32811	17158.025679588318
32	320	17.46531	8.0	32913	17361.2428150177
32	321	18.129208	3.0	33017	17386.48667216301
32	322	19.250143	3.0	33120	17411.285982608795
32	323	17.38801	2.0	33222	17436.45304441452
32	324	19.781687	3.0	33324	17462.300951480865
32	325	17.022491	7.0	33426	17487.908023118973
32	326	16.747871	5.0	33528	17513.428874254227
32	327	17.25587	0.0	33630	17539.13795518875
32	328	18.202824	0.0	33734	17565.25083231926
32	329	16.08971	8.0	33837	17591.030850172043
33	330	17.906082	4.0	33940	17920.107142210007
33	331	18.559713	4.0	34043	17944.692427158356
33	332	16.152773	0.0	34146	17969.418036937714
33	333	19.510704	2.0	34248	17994.124040603638
33	334	20.065207	1.0	34352	18019.051151275635
33	335	20.21941	3.0	34455	18043.981946468353
33	336	20.19402	1.0	34558	18068.71089243889
33	337	18.997564	0.0	34660	18093.0409719944
33	338	19.259102	3.0	34762	18117.440129995346
33	339	15.778449	5.0	34864	18142.303678512573
34	340	18.739693	2.0	34966	18398.894936323166
34	341	16.772367	2.0	35069	18424.251343488693
34	342	16.824646	4.0	35171	18448.79528594017
34	343	15.191138	5.0	35274	18474.359184026718
34	344	17.050455	4.0	35376	18499.876715183258
34	345	17.665146	2.0	35478	18524.976281404495
34	346	17.416603	0.0	35582	18550.35206222534
34	347	17.14371	0.0	35684	18575.614197731018
34	348	17.29224	5.0	35786	18600.96400666237
34	349	17.120497	4.0	35889	18626.488394975662
35	350	16.712427	0.0	35993	18956.709214925766
35	351	18.525927	8.0	36097	18982.659414052963
35	352	17.183813	8.0	36199	19007.949643611908
35	353	17.557875	3.0	36301	19033.627594947815
35	354	18.369951	5.0	36402	19059.061257362366
35	355	18.729677	2.0	36504	19084.62885570526
35	356	19.278753	0.0	36607	19110.249441623688
35	357	17.832033	0.0	36710	19135.904782295227
35	358	18.631018	0.0	36815	19162.04363012314
35	359	16.119722	10.0	36918	19187.939651727676
36	360	19.913221	0.0	37022	19597.63093471527
36	361	19.413605	0.0	37126	19622.899633407593
36	362	19.24024	0.0	37231	19648.735466241837
36	363	15.485162	9.0	37334	19673.727185964584
36	364	17.121363	6.0	37435	19698.380889177322
36	365	15.0043545	9.0	37537	19723.01686191559
36	366	17.117231	2.0	37639	19747.505313396454
36	367	15.700395	10.0	37741	19772.450355052948
36	368	18.210056	3.0	37843	19797.201472997665
36	369	16.484867	0.0	37945	19821.778589963913
37	370	20.448036	3.0	38049	20162.265936613083
37	371	7.8818607	7.0	38151	20187.474222898483
37	372	14.871718	4.0	38253	20212.618782043457
37	373	17.183716	4.0	38356	20237.824609041214
37	374	16.025047	1.0	38458	20262.63452410698
37	375	19.247662	3.0	38561	20287.303176879883
37	376	16.845264	11.0	38663	20311.96493291855
37	377	17.639542	0.0	38766	20336.987499713898
37	378	18.712492	0.0	38868	20361.531725406647
37	379	17.451025	4.0	38971	20386.76403284073
38	380	17.557108	1.0	39074	20648.640520095825
38	381	16.157188	6.0	39176	20673.636564016342
38	382	18.075502	4.0	39279	20698.57170367241
38	383	17.94282	2.0	39382	20723.517320156097
38	384	21.54093	10.0	39485	20748.862117290497
38	385	18.952421	2.0	39587	20773.47594666481
38	386	19.545105	2.0	39690	20798.087109565735
38	387	0.49428254	76.0	39790	20823.208288431168
38	388	21.29436	2.0	39893	20848.367797851562
38	389	18.052526	0.0	39996	20873.153769254684
39	390	19.311193	3.0	40100	21270.834911108017
39	391	17.58182	3.0	40202	21295.353905677795
39	392	17.548332	0.0	40305	21320.204624414444
39	393	17.57753	8.0	40408	21345.212854862213
39	394	17.00772	10.0	40511	21370.003001451492
39	395	17.263647	0.0	40615	21395.043927192688
39	396	16.159185	3.0	40718	21419.985991716385
39	397	17.075985	0.0	40821	21445.05963921547
39	398	14.622366	9.0	40924	21469.94788980484
39	399	19.031855	0.0	41028	21494.88116621971
40	400	17.709023	0.0	41129	21760.56541967392
40	401	17.99459	0.0	41231	21785.312755823135
40	402	19.379337	9.0	41334	21810.559725284576
40	403	16.36545	4.0	41437	21835.413923740387
40	404	19.637638	1.0	41540	21860.157114982605
40	405	18.48863	2.0	41644	21885.55363368988
40	406	21.136045	3.0	41748	21911.697545528412
40	407	18.244778	2.0	41851	21937.941782951355
40	408	18.480698	5.0	41953	21963.654407024384
40	409	16.086609	9.0	42055	21989.24605369568
41	410	19.230598	7.0	42157	22345.458291769028
41	411	14.75941	7.0	42259	22370.011944055557
41	412	20.06693	0.0	42363	22394.871954202652
41	413	18.153713	5.0	42466	22419.805729150772
41	414	17.202686	1.0	42570	22444.86878633499
41	415	17.164785	3.0	42673	22469.542015314102
41	416	17.77646	3.0	42776	22494.611023426056
41	417	17.820433	0.0	42878	22519.063645601273
41	418	18.190027	1.0	42982	22544.19718027115
41	419	17.836191	0.0	43086	22569.035935163498
42	420	17.414955	3.0	43189	22893.319796323776
42	421	17.888771	1.0	43292	22917.700022935867
42	422	20.048677	0.0	43394	22942.515907764435
42	423	16.971806	1.0	43496	22967.45019888878
42	424	18.793432	0.0	43599	22992.054256916046
42	425	18.159912	4.0	43701	23016.411783456802
42	426	19.156372	4.0	43803	23040.705595493317
42	427	15.731977	7.0	43905	23065.436758756638
42	428	17.452637	2.0	44007	23089.97226524353
42	429	10.747374	1.0	44109	23115.29640030861
43	430	10.405974	28.0	44211	23387.762268543243
43	431	17.89372	2.0	44313	23412.75579214096
43	432	17.636824	0.0	44414	23437.77652835846
43	433	17.89494	0.0	44517	23463.40297269821
43	434	19.578743	1.0	44621	23489.680023431778
43	435	19.823784	3.0	44722	23514.989251613617
43	436	17.070837	1.0	44824	23540.772222042084
43	437	17.645962	0.0	44928	23566.92996573448
43	438	17.523767	0.0	45033	23592.855820178986
43	439	19.34608	9.0	45136	23618.93261408806
44	440	17.342161	3.0	45239	24068.27829194069
44	441	19.63486	1.0	45342	24093.13029551506
44	442	19.03613	2.0	45445	24117.845275878906
44	443	17.387602	7.0	45547	24142.6268389225
44	444	16.973497	3.0	45649	24167.096521139145
44	445	18.508574	5.0	45752	24191.93187880516
44	446	17.916998	1.0	45855	24216.49247121811
44	447	18.531061	3.0	45958	24241.291623592377
44	448	18.944832	4.0	46061	24266.33087992668
44	449	19.479881	4.0	46164	24291.450522899628
45	450	17.972166	3.0	46267	24620.45227098465
45	451	16.949917	4.0	46368	24644.71624302864
45	452	17.78127	2.0	46470	24669.415850400925
45	453	19.557281	11.0	46574	24694.19127011299
45	454	17.946047	5.0	46677	24718.64110636711
45	455	19.40606	9.0	46780	24743.35974264145
45	456	18.206364	5.0	46881	24767.559441804886
45	457	14.736333	10.0	46984	24792.3519282341
45	458	16.94404	8.0	47087	24816.922498464584
45	459	18.780762	0.0	47190	24841.16505098343
46	460	16.948257	6.0	47293	25214.178606033325
46	461	17.983532	3.0	47396	25239.180620908737
46	462	19.309114	2.0	47499	25263.465170383453
46	463	17.173613	3.0	47602	25288.164972305298
46	464	17.86023	4.0	47704	25312.90190553665
46	465	16.969458	0.0	47807	25337.83202266693
46	466	18.452768	1.0	47911	25363.290785312653
46	467	15.899236	1.0	48015	25388.56677222252
46	468	18.270224	5.0	48119	25413.913704633713
46	469	19.302692	0.0	48222	25438.75381922722
47	470	18.411955	0.0	48326	25717.232360601425
47	471	17.551476	4.0	48429	25742.120867967606
47	472	15.538426	3.0	48531	25766.79808497429
47	473	17.912582	4.0	48633	25791.04008793831
47	474	19.587626	6.0	48735	25815.349043369293
47	475	17.16944	4.0	48837	25839.710918664932
47	476	17.015144	6.0	48941	25864.717402219772
47	477	19.04431	0.0	49046	25889.925765275955
47	478	17.03037	1.0	49149	25914.801028966904
47	479	16.88492	0.0	49253	25939.66355395317
48	480	15.476765	4.0	49357	26191.726511478424
48	481	18.310047	9.0	49460	26216.66700053215
48	482	18.868057	0.0	49565	26241.984397172928
48	483	19.529396	0.0	49669	26266.720192432404
48	484	17.329569	4.0	49771	26291.4345600605
48	485	17.82141	4.0	49873	26316.49254822731
48	486	20.468481	6.0	49978	26341.685238838196
48	487	18.451504	4.0	50080	26366.292576551437
48	488	17.413643	10.0	50182	26391.05307149887
48	489	17.839527	6.0	50285	26415.701145648956
49	490	18.262104	0.0	50387	26763.01868581772
49	491	18.631962	0.0	50491	26788.5602312088
49	492	20.232101	3.0	50595	26814.074105262756
49	493	17.223007	6.0	50698	26839.673704624176
49	494	19.096342	10.0	50800	26864.63200855255
49	495	16.448278	6.0	50903	26889.641695261
49	496	18.879616	2.0	51007	26914.42161345482
49	497	16.29574	1.0	51109	26938.432157993317
49	498	18.346233	1.0	51213	26962.963140964508
49	499	19.534706	2.0	51315	26987.054224967957
50	500	18.25507	2.0	51420	27384.628387451172
50	501	17.623482	0.0	51524	27409.87448167801
50	502	16.498867	8.0	51627	27434.95676970482
50	503	12.597364	4.0	51730	27460.343729496002
50	504	19.233942	0.0	51832	27484.99355816841
50	505	20.532316	2.0	51935	27509.637298583984
50	506	17.74255	3.0	52038	27534.417708158493
50	507	10.955117	2.0	52141	27559.853861808777
50	508	16.41485	1.0	52244	27585.186897039413
50	509	14.405238	8.0	52346	27609.998968601227
51	510	18.72146	1.0	52449	27980.84542274475
51	511	19.538406	3.0	52551	28004.6542532444
51	512	16.780588	14.0	52653	28029.081442832947
51	513	18.153097	4.0	52756	28053.802239894867
51	514	18.041399	4.0	52858	28078.680676221848
51	515	18.313494	10.0	52960	28103.89332842827
51	516	17.40448	6.0	53062	28129.28758621216
51	517	17.93994	0.0	53165	28154.664977788925
51	518	17.515955	4.0	53267	28180.107456684113
51	519	18.026094	7.0	53371	28205.928956508636
52	520	17.328623	0.0	53474	28540.210713624954
52	521	17.507523	9.0	53576	28564.944867372513
52	522	18.211172	0.0	53678	28589.76805138588
52	523	18.492964	3.0	53780	28614.33197927475
52	524	18.518677	7.0	53884	28639.538606405258
52	525	17.892694	3.0	53986	28663.93143415451
52	526	17.382864	4.0	54089	28688.65810227394
52	527	19.444403	2.0	54192	28713.80585885048
52	528	18.543583	6.0	54294	28738.545733213425
52	529	17.346544	13.0	54397	28763.627573013306
53	530	17.18212	9.0	54500	29197.126648187637
53	531	17.73015	5.0	54602	29221.274343252182
53	532	18.571701	1.0	54706	29246.453717947006
53	533	20.325254	4.0	54810	29271.375904798508
53	534	18.135942	11.0	54912	29295.940865039825
53	535	18.31994	0.0	55014	29320.09119939804
53	536	17.304598	3.0	55116	29344.562814235687
53	537	17.509329	5.0	55219	29369.665293455124
53	538	17.451298	2.0	55322	29394.203644275665
53	539	15.588268	2.0	55424	29418.928504228592
54	540	19.168512	1.0	55527	29929.203556537628
54	541	18.38203	15.0	55629	29953.726786851883
54	542	18.967407	6.0	55731	29978.576743364334
54	543	19.116045	5.0	55834	30003.238029956818
54	544	17.087261	2.0	55937	30028.198455810547
54	545	18.20086	0.0	56039	30052.801303625107
54	546	18.868984	10.0	56142	30077.557026147842
54	547	16.155474	3.0	56244	30102.601513147354
54	548	17.61994	0.0	56347	30127.64181613922
54	549	18.140013	18.0	56449	30152.477227687836
55	550	18.009285	2.0	56553	30533.927750825882
55	551	16.782747	0.0	56656	30558.49035000801
55	552	15.074909	0.0	56757	30582.97617006302
55	553	17.946638	6.0	56860	30607.77293944359
55	554	17.51357	1.0	56964	30632.422944784164
55	555	17.029003	9.0	57067	30657.18106985092
55	556	17.00461	5.0	57171	30682.367174625397
55	557	19.037785	9.0	57272	30706.820931196213
55	558	18.323095	6.0	57374	30731.476868629456
55	559	17.840485	1.0	57477	30756.184691667557
56	560	18.1676	10.0	57579	31078.788941144943
56	561	10.8749	4.0	57680	31103.826650619507
56	562	17.17099	6.0	57782	31128.826587438583
56	563	14.898902	2.0	57884	31154.170223474503
56	564	18.074593	7.0	57986	31180.181124210358
56	565	19.499754	2.0	58088	31206.31418132782
56	566	17.718624	5.0	58193	31232.95388197899
56	567	15.933208	3.0	58295	31258.975766420364
56	568	17.827507	0.0	58399	31285.612838745117
56	569	17.875072	3.0	58502	31311.585887670517
57	570	17.0905	0.0	58605	31600.583507299423
57	571	17.289127	3.0	58708	31625.649358034134
57	572	18.931252	7.0	58811	31650.754893779755
57	573	17.824924	2.0	58915	31676.146085739136
57	574	16.970457	1.0	59018	31701.33708047867
57	575	19.035917	0.0	59122	31726.636430978775
57	576	19.530697	4.0	59225	31751.59831047058
57	577	15.388427	9.0	59326	31776.239765405655
57	578	17.757412	6.0	59428	31800.864973783493
57	579	18.358448	2.0	59530	31825.53998041153
58	580	17.496742	3.0	59632	32273.406002521515
58	581	19.365892	2.0	59735	32298.635402441025
58	582	18.309507	3.0	59839	32324.191416502
58	583	18.3646	0.0	59941	32349.01740503311
58	584	16.959394	5.0	60043	32374.195517778397
58	585	17.978518	6.0	60144	32398.971771240234
58	586	18.176416	4.0	60246	32424.213173627853
58	587	16.466362	2.0	60349	32449.002015590668
58	588	17.843815	3.0	60452	32474.12587571144
58	589	19.610483	0.0	60555	32499.374269008636
59	590	17.21068	2.0	60657	32960.49112153053
59	591	15.352318	0.0	60759	32985.97773194313
59	592	17.6467	0.0	60860	33010.729998111725
59	593	18.171423	3.0	60962	33035.39073038101
59	594	18.89132	3.0	61065	33060.50066781044
59	595	18.149654	0.0	61168	33085.38001203537
59	596	16.360481	5.0	61271	33110.08571910858
59	597	18.562979	2.0	61375	33134.90793657303
59	598	18.812218	2.0	61476	33159.364203453064
59	599	17.13072	1.0	61579	33183.89694523811
60	600	17.727772	2.0	61681	33454.721024513245
60	601	19.071127	4.0	61782	33479.53989982605
60	602	19.77473	3.0	61885	33504.83831048012
60	603	19.241985	3.0	61988	33530.47560954094
60	604	17.869604	5.0	62091	33556.03888010979
60	605	20.101646	2.0	62194	33581.47484135628
60	606	16.781109	2.0	62297	33606.74621653557
60	607	18.832493	2.0	62399	33632.17159676552
60	608	16.932531	4.0	62501	33657.31290912628
60	609	15.826727	0.0	62604	33683.00269675255
61	610	17.517488	4.0	62707	33923.760303258896
61	611	19.797045	3.0	62810	33948.75674176216
61	612	17.365347	4.0	62914	33973.90834879875
61	613	19.972069	6.0	63017	33998.29244494438
61	614	15.14132	5.0	63120	34023.02473974228
61	615	18.276258	6.0	63223	34047.78830575943
61	616	16.824722	2.0	63325	34072.20103597641
61	617	17.7684	0.0	63429	34096.58862519264
61	618	17.878006	6.0	63532	34121.3215675354
61	619	17.627449	1.0	63635	34146.06066060066
62	620	15.89864	7.0	63736	34487.32615804672
62	621	20.528234	0.0	63839	34513.29656076431
62	622	18.693869	5.0	63942	34539.197982788086
62	623	20.122768	4.0	64045	34564.71890449524
62	624	15.782378	4.0	64146	34589.6972155571
62	625	17.422064	0.0	64249	34614.553154706955
62	626	17.362522	0.0	64351	34639.752969264984
62	627	19.036757	3.0	64453	34664.65656518936
62	628	18.60355	2.0	64556	34689.627965927124
62	629	17.966284	0.0	64660	34714.98677897453
