Epoch	Episode	EpRet	EpCost	TotalEnvInteracts	Time
0	0	25.700598	1.0	77	1218.9629020690918
0	1	29.099161	0.0	155	1259.5426826477049
0	2	29.284851	0.0	233	1300.836019039154
0	3	24.314703	2.0	311	1342.2658762931826
0	4	27.301911999999998	0.0	390	1384.6354348659515
0	5	28.653928999999998	0.0	468	1425.3133308887482
0	6	26.413120000000003	0.0	546	1466.2625741958618
0	7	29.193540000000002	0.0	625	1506.9787442684174
0	8	29.614171999999996	5.0	702	1547.9445958137512
0	9	31.251127	0.0	780	1587.861077785492
1	10	29.371412	2.0	859	1878.148020029068
1	11	17.840317000000002	7.0	934	1917.4406576156616
1	12	30.124503999999998	1.0	1011	1957.7346346378326
1	13	26.964686999999998	0.0	1090	1997.184560060501
1	14	27.277815000000004	1.0	1166	2036.793773174286
1	15	31.023111	1.0	1245	2076.8608028888707
1	16	27.0477	1.0	1322	2116.57776260376
1	17	25.972282	1.0	1400	2157.6686823368077
1	18	29.243996000000003	0.0	1479	2198.9645700454707
1	19	23.080576	1.0	1557	2240.044815063477
2	20	31.099186	0.0	1634	2526.992925405503
2	21	27.56901	3.0	1712	2567.9849779605865
2	22	27.873184000000002	5.0	1790	2609.206612110138
2	23	24.906489999999998	1.0	1866	2648.463085412979
2	24	29.181477	6.0	1944	2689.46919631958
2	25	21.868612	4.0	2021	2729.930973291397
2	26	25.480520000000002	2.0	2098	2768.5370852947235
2	27	28.03325	3.0	2176	2809.641754388809
2	28	23.802225	3.0	2253	2849.7830290794373
2	29	26.730738	1.0	2330	2889.5021789073944
3	30	32.918583	0.0	2410	3181.4816102981567
3	31	31.152655	0.0	2489	3222.5727245807648
3	32	27.072097999999997	0.0	2568	3264.315295934677
3	33	33.68357	0.0	2646	3303.903078317642
3	34	27.375785999999998	0.0	2724	3345.690196275711
3	35	27.195148	0.0	2803	3387.4282219409943
3	36	28.364006	1.0	2882	3429.5744936466217
3	37	27.565294	2.0	2961	3471.694257259369
3	38	25.917984	5.0	3039	3513.071852207184
3	39	28.753983	0.0	3118	3555.138774871826
4	40	29.326173999999998	1.0	3195	3883.68549990654
4	41	28.628471	0.0	3273	3924.5524365901947
4	42	29.76892	0.0	3351	3966.1214802265167
4	43	30.451748	1.0	3429	4006.6561415195465
4	44	29.731665000000003	2.0	3507	4046.658191204071
4	45	26.934376	3.0	3586	4088.184105157852
4	46	25.759209	0.0	3666	4130.30820775032
4	47	24.261072	3.0	3743	4171.208223819734
4	48	25.304570000000002	3.0	3821	4211.923161268234
4	49	24.079418	0.0	3897	4251.064168691635
5	50	29.724531	1.0	3977	4582.204646587372
5	51	30.31475	0.0	4055	4622.746985912323
5	52	27.741272	1.0	4133	4664.4223549366
5	53	30.5261	0.0	4211	4704.052135705948
5	54	32.947376	0.0	4289	4745.180181026459
5	55	24.473454999999998	0.0	4368	4787.797810792923
5	56	32.208782	0.0	4448	4829.677382469177
5	57	28.265417	1.0	4527	4871.011775016786
5	58	28.805190999999997	1.0	4605	4911.654720067978
5	59	28.963209999999997	0.0	4683	4952.6394793987265
6	60	31.002012	0.0	4761	5283.210567235948
6	61	27.764318	0.0	4839	5324.5380420684805
6	62	28.417194	2.0	4916	5364.782283782959
6	63	28.813665000000004	0.0	4994	5404.667437314987
6	64	27.60367	0.0	5073	5446.501712560655
6	65	29.54075	1.0	5151	5486.956616401671
6	66	27.597215999999996	2.0	5230	5528.019984722137
6	67	30.636143	2.0	5308	5568.793648958205
6	68	26.599809999999998	0.0	5386	5609.471630096436
6	69	28.234441999999998	2.0	5464	5649.695323944092
7	70	27.926718	0.0	5544	5950.640203714372
7	71	24.53383	2.0	5622	5993.628462076186
7	72	31.152994	2.0	5700	6033.335784435272
7	73	29.216036	0.0	5777	6075.295131921767
7	74	27.505468	2.0	5855	6116.6977434158325
7	75	29.788420000000002	0.0	5933	6159.2094802856445
7	76	32.662865000000004	0.0	6013	6203.158420085907
7	77	27.506002000000002	2.0	6090	6244.500207424164
7	78	30.267355	0.0	6168	6285.790606975555
7	79	28.044712	0.0	6245	6326.847736358643
8	80	30.929603999999998	0.0	6325	6661.527805328369
8	81	27.642498	2.0	6403	6702.087640762329
8	82	26.798920000000003	1.0	6483	6743.939157485962
8	83	28.313314000000002	0.0	6561	6785.972078084947
8	84	30.83016	4.0	6640	6827.921067237854
8	85	29.215113	0.0	6720	6869.707362890244
8	86	26.824688000000002	1.0	6800	6910.999088525771
8	87	27.779159999999997	1.0	6878	6951.8659579753885
8	88	29.705496000000004	1.0	6956	6993.4549634456625
8	89	29.297667999999998	0.0	7035	7035.686280488969
9	90	27.159208000000003	0.0	7112	7370.960716724396
9	91	29.151315999999998	1.0	7190	7412.231627702712
9	92	26.383245000000002	2.0	7266	7451.948922395705
9	93	30.452494	0.0	7346	7492.822959661485
9	94	25.439844	1.0	7424	7534.325386762618
9	95	28.251205	1.0	7501	7575.469486474992
9	96	29.408226000000003	0.0	7581	7617.661583900452
9	97	31.623554	0.0	7659	7658.528936147691
9	98	29.171024	4.0	7736	7699.780253171922
9	99	27.352384999999998	0.0	7814	7741.042223215102
10	100	31.024858000000002	0.0	7892	8035.305332660675
10	101	23.866007	0.0	7971	8076.775970220567
10	102	30.076653999999998	1.0	8049	8116.649189710616
10	103	28.245866999999997	0.0	8129	8158.268289327621
10	104	25.73392	1.0	8207	8198.00916147232
10	105	26.820389000000002	1.0	8285	8239.568676710129
10	106	29.75086	1.0	8363	8281.570297956467
10	107	29.597824	1.0	8440	8321.047083616257
10	108	30.283248999999998	0.0	8518	8363.317278146744
10	109	30.073168	0.0	8596	8401.99814081192
11	110	29.909107000000002	1.0	8673	8708.108661174774
11	111	30.455658000000003	0.0	8752	8748.124415874481
11	112	31.713776	1.0	8832	8789.353385210037
11	113	25.30744	0.0	8910	8830.694497585297
11	114	26.415356	1.0	8987	8871.540196418762
11	115	24.455446	3.0	9065	8912.24081993103
11	116	29.28469	0.0	9144	8951.484422445297
11	117	30.715586	0.0	9222	8992.728626012802
11	118	31.86141	4.0	9301	9033.897963047028
11	119	28.890469	1.0	9378	9071.825740814207
12	120	28.45102	0.0	9455	9380.645754098892
12	121	30.827759000000004	0.0	9534	9420.45280957222
12	122	28.248978	2.0	9613	9461.592814922331
12	123	33.282066	0.0	9692	9501.275750160215
12	124	26.757244	2.0	9770	9540.592622995377
12	125	30.129703999999997	2.0	9850	9581.19027709961
12	126	31.348562	0.0	9929	9622.160610675812
12	127	32.867584	0.0	10009	9661.925246238708
12	128	29.930676000000002	0.0	10088	9702.34463238716
12	129	26.627515999999996	3.0	10166	9743.586006641388
13	130	28.359676	2.0	10245	10091.171879291534
13	131	26.819958000000003	3.0	10323	10132.660254001616
13	132	26.65275	0.0	10402	10174.280304670334
13	133	29.053808	1.0	10481	10213.391540765762
13	134	28.758577000000002	0.0	10559	10252.975368976591
13	135	29.475693	1.0	10637	10292.112642288208
13	136	28.800423	2.0	10715	10331.431561946867
13	137	28.268697999999997	2.0	10792	10371.603410243988
13	138	28.182713	0.0	10871	10412.70411849022
13	139	31.982431	0.0	10950	10454.158916950226
14	140	30.523758	0.0	11031	10770.897429466248
14	141	28.856091999999997	0.0	11109	10812.060599803925
14	142	29.369246999999998	0.0	11188	10853.682746887209
14	143	27.953663	4.0	11264	10894.06024813652
14	144	30.40628	7.0	11342	10936.399990081789
14	145	30.491783	2.0	11421	10978.054057836533
14	146	28.427028999999997	1.0	11498	11019.044668912888
14	147	30.320578	0.0	11577	11060.74109983444
14	148	29.622839000000003	7.0	11656	11101.745955705645
14	149	30.995646999999998	0.0	11735	11143.841184139254
15	150	26.980427000000002	0.0	11813	11489.97350525856
15	151	28.514029999999998	2.0	11891	11531.158278703691
15	152	30.451328000000004	0.0	11969	11571.391138792038
15	153	30.933311	4.0	12048	11611.840384483336
15	154	28.280372999999997	5.0	12128	11653.155203819275
15	155	30.123046999999996	6.0	12207	11694.863956928251
15	156	29.800537	1.0	12285	11735.217688322067
15	157	29.016855	2.0	12363	11776.565657138823
15	158	26.91559	2.0	12440	11816.607001066208
15	159	24.68928	4.0	12517	11857.059751272202
16	160	27.4941	1.0	12595	12170.826096296309
16	161	29.346413000000002	8.0	12672	12211.643382072449
16	162	27.912853000000002	0.0	12750	12252.893699645996
16	163	31.659947999999996	0.0	12828	12294.370661973953
16	164	28.913473	0.0	12906	12336.616631746292
16	165	28.286246999999996	0.0	12985	12378.186219215393
16	166	28.253704	3.0	13065	12419.483074903488
16	167	30.163140000000002	0.0	13143	12459.899024486544
16	168	29.598429	1.0	13222	12500.084872245789
16	169	28.825715999999996	1.0	13300	12542.222622632979
17	170	27.918416999999998	4.0	13378	12892.688591241837
17	171	27.756248	1.0	13455	12933.146584749222
17	172	28.633577000000002	2.0	13532	12974.04586315155
17	173	26.661575	4.0	13611	13016.09639406204
17	174	24.140484	5.0	13688	13058.046375513077
17	175	29.167181	0.0	13765	13097.2046585083
17	176	29.00035	1.0	13845	13140.014746427536
17	177	29.220884	2.0	13925	13181.830241680143
17	178	26.071594	3.0	14002	13222.6038043499
17	179	28.349789	2.0	14081	13263.577389001846
18	180	29.991636	2.0	14160	13578.970400094986
18	181	27.727306	1.0	14238	13621.061002492903
18	182	28.79038	1.0	14318	13663.97728776932
18	183	32.01028	0.0	14397	13706.32161617279
18	184	27.092945	2.0	14475	13748.197249889376
18	185	31.071194000000002	0.0	14555	13791.601333618164
18	186	26.628386	0.0	14632	13832.637970924376
18	187	27.423824	0.0	14709	13873.908066034317
18	188	26.830776	0.0	14788	13916.544772148132
18	189	29.51796	1.0	14867	13958.864262342451
19	190	29.084814	1.0	14946	14274.537290334702
19	191	29.62823	1.0	15025	14316.330928325651
19	192	28.795713	3.0	15103	14357.389639616013
19	193	30.566916	4.0	15181	14398.896405935287
19	194	26.587463	0.0	15259	14437.98556089401
19	195	29.930977000000002	2.0	15337	14477.886570215225
19	196	26.328636	5.0	15415	14519.321106672287
19	197	27.20052	0.0	15492	14559.823417663574
19	198	29.324665000000003	1.0	15570	14601.750375270845
19	199	28.672005	1.0	15650	14643.649396657944
20	200	27.953798	3.0	15728	14995.925196409224
20	201	28.933730999999998	1.0	15806	15036.977545738218
20	202	28.098475	2.0	15885	15079.043886661531
20	203	31.206768	0.0	15962	15118.448953151705
20	204	21.541815	1.0	16039	15159.60030698776
20	205	27.647652	0.0	16119	15202.9196164608
20	206	27.137707000000002	0.0	16197	15244.463794469832
20	207	16.240635	0.0	16274	15286.608237028122
20	208	25.680084	1.0	16350	15327.260113239287
20	209	30.155764	2.0	16427	15367.453157663345
21	210	30.840202	3.0	16506	15684.053155183792
21	211	29.451982	1.0	16585	15725.688956260681
21	212	25.835344	1.0	16663	15766.658094882963
21	213	27.439213	2.0	16741	15807.827650785446
21	214	26.625542	3.0	16819	15847.874401569365
21	215	26.394721999999998	0.0	16897	15889.302389860151
21	216	27.86608	5.0	16974	15929.144361972807
21	217	30.501146000000002	0.0	17053	15969.217621564863
21	218	29.207784999999998	0.0	17133	16011.695703983309
21	219	27.881285	1.0	17211	16053.151519298552
22	220	29.416041999999997	0.0	17289	16370.900386571884
22	221	31.367424	0.0	17367	16411.18793749809
22	222	30.972247999999997	1.0	17447	16453.485041618347
22	223	28.510445	0.0	17525	16494.503412008286
22	224	25.8571	1.0	17603	16534.211004257202
22	225	30.243328	0.0	17680	16575.149504423138
22	226	9.332329	3.0	17756	16615.92152070999
22	227	30.961554	0.0	17835	16655.583290100098
22	228	25.904312	2.0	17913	16697.392741918564
22	229	30.305712	0.0	17992	16737.005737543106
23	230	26.970987	1.0	18069	17178.815415143967
23	231	27.831394	3.0	18147	17220.360860109333
23	232	30.66005	1.0	18225	17261.687789678574
23	233	28.057746999999996	2.0	18303	17303.19886517525
23	234	28.851788	5.0	18381	17344.186419487
23	235	28.72624	0.0	18460	17386.828240394592
23	236	28.256054	1.0	18537	17426.9830160141
23	237	28.759626	0.0	18614	17468.153379440308
23	238	27.908673999999998	3.0	18694	17510.94290947914
23	239	25.620687	5.0	18771	17552.768082857132
24	240	31.116598	0.0	18851	17915.308805942535
24	241	29.13927	0.0	18929	17956.78998684883
24	242	30.715162	0.0	19007	17998.197278499603
24	243	31.406431	1.0	19086	18038.45082259178
24	244	28.195202000000002	2.0	19163	18078.764627218246
24	245	25.632666	3.0	19241	18120.713129520416
24	246	30.847078000000003	0.0	19321	18163.828872680664
24	247	25.544048	0.0	19398	18204.392631292343
24	248	30.818754	0.0	19478	18244.674443483356
24	249	27.991896	0.0	19556	18287.109124898907
25	250	28.617034999999998	1.0	19635	18633.190395355225
25	251	29.265784999999997	0.0	19715	18673.982782840732
25	252	28.562115000000002	1.0	19793	18713.73007297516
25	253	29.877512	2.0	19871	18753.955358982086
25	254	27.790157	1.0	19949	18793.558222532272
25	255	22.236025	0.0	20027	18833.92977595329
25	256	28.106749	0.0	20106	18875.935211658478
25	257	26.093813	0.0	20183	18917.077839374542
25	258	31.00361	0.0	20261	18957.20427823067
25	259	28.461533000000003	2.0	20341	18999.724870443344
26	260	28.378697999999996	2.0	20419	19333.650574684143
26	261	28.320371999999995	0.0	20496	19371.668092489243
26	262	26.179956	0.0	20574	19413.19559860229
26	263	29.432378999999997	1.0	20652	19453.787804603577
26	264	29.328771999999997	0.0	20730	19494.52307987213
26	265	27.485777000000002	0.0	20807	19534.99932909012
26	266	29.239689000000002	0.0	20885	19575.9194290638
26	267	29.482284999999997	0.0	20962	19614.58539962769
26	268	27.995503999999997	0.0	21041	19654.05100440979
26	269	28.667171000000003	4.0	21120	19696.31468367577
27	270	25.972458	3.0	21198	20109.09039306641
27	271	26.023296	1.0	21277	20149.97345614433
27	272	29.344921000000003	0.0	21356	20190.52451133728
27	273	29.401822999999997	8.0	21435	20230.30572199821
27	274	29.227686	1.0	21513	20269.8666741848
27	275	28.986052	0.0	21590	20309.945505380634
27	276	26.8436	1.0	21670	20351.820131540302
27	277	28.842205	0.0	21748	20391.87274932861
27	278	28.446122999999996	0.0	21826	20432.48808145523
27	279	25.825986999999998	0.0	21904	20473.476496696472
28	280	27.230021999999998	0.0	21982	20849.074462652206
28	281	23.631706	2.0	22060	20890.87878370285
28	282	28.64586	1.0	22138	20932.366605043408
28	283	32.485172	0.0	22217	20973.16073703766
28	284	26.55227	1.0	22295	21012.473765373234
28	285	29.388786	2.0	22374	21053.409986495968
28	286	27.573936	0.0	22453	21094.831855535507
28	287	27.845416999999998	0.0	22530	21134.112248420715
28	288	31.349943	0.0	22608	21175.58337950706
28	289	32.54235	1.0	22687	21217.472086906437
29	290	26.005770000000002	0.0	22765	21595.265570878986
29	291	27.365103	0.0	22845	21635.619983673096
29	292	29.159346000000003	1.0	22921	21676.095990419388
29	293	31.312170000000002	0.0	23000	21718.71785140037
29	294	27.216146000000002	0.0	23079	21761.11105275154
29	295	30.313395	2.0	23158	21803.03346157074
29	296	31.059969	0.0	23237	21843.74890160561
29	297	29.064515999999998	0.0	23316	21886.19844055176
29	298	27.61802	1.0	23394	21928.23419523239
29	299	28.653848999999997	0.0	23473	21968.982634305958
30	300	31.751759999999997	0.0	23552	22309.58924818039
30	301	26.404734	2.0	23629	22348.895292997357
30	302	29.223764000000003	1.0	23707	22389.467263221737
30	303	29.510777	0.0	23784	22429.195436000824
30	304	28.363573	3.0	23863	22469.26333546638
30	305	29.166727	0.0	23944	22512.52303481102
30	306	27.918556	0.0	24023	22553.261539936066
30	307	25.540685999999997	1.0	24102	22594.503397464752
30	308	28.345133	0.0	24182	22635.348410129547
30	309	27.349696999999995	0.0	24260	22675.551191806797
31	310	29.546184999999998	1.0	24339	23011.51030755043
31	311	28.961129999999997	2.0	24418	23053.02929568291
31	312	27.013303999999998	0.0	24495	23094.378188133243
31	313	24.800438	0.0	24573	23134.6016998291
31	314	26.233618	0.0	24651	23174.916807889942
31	315	25.53716	2.0	24730	23216.922680616382
31	316	28.401234000000002	0.0	24810	23258.734364032745
31	317	27.851623999999997	0.0	24889	23300.192180871964
31	318	31.302028999999997	1.0	24969	23342.896783113483
31	319	28.641005	0.0	25046	23383.505250930786
32	320	32.274753999999994	0.0	25124	23763.230951547623
32	321	29.440565000000003	0.0	25203	23804.940302371982
32	322	33.413105	2.0	25282	23846.865030288696
32	323	28.23215	0.0	25360	23888.177098035805
32	324	26.063023	0.0	25438	23930.706903219223
32	325	27.533741	0.0	25515	23970.847739934918
32	326	26.781453999999997	2.0	25593	24011.90281391144
32	327	28.666012	0.0	25673	24054.77534770966
32	328	30.597942	0.0	25752	24096.69073843956
32	329	27.41201	0.0	25831	24137.486141920093
33	330	27.216856	1.0	25910	24605.051622867584
33	331	31.005976	0.0	25989	24646.47673082352
33	332	25.37508	3.0	26066	24686.569799423218
33	333	27.98583	0.0	26145	24728.046102046967
33	334	28.607437	0.0	26224	24769.53387260437
33	335	30.46973	1.0	26302	24810.51057958603
33	336	29.137259000000004	0.0	26381	24851.523926496502
33	337	26.581609999999998	5.0	26458	24891.70984578133
33	338	23.361029000000002	3.0	26535	24931.570802927017
33	339	21.411867	4.0	26613	24973.19081068039
34	340	29.230112	0.0	26692	25318.754822731014
34	341	29.536005	0.0	26771	25360.171210288998
34	342	29.210635999999997	0.0	26849	25398.74966096878
34	343	31.216389000000003	1.0	26927	25439.988258838654
34	344	28.692768	0.0	27004	25480.695578098297
34	345	30.691982	1.0	27083	25521.978224992756
34	346	29.826335999999998	0.0	27163	25560.91235852241
34	347	33.374553999999996	1.0	27243	25602.703447580338
34	348	28.266486999999998	0.0	27324	25643.536474943157
34	349	29.179165	1.0	27401	25683.858352661133
35	350	29.847122	0.0	27480	26069.894343137737
35	351	28.226284000000003	3.0	27558	26112.88456630707
35	352	30.097103000000004	0.0	27637	26155.679347515103
35	353	32.42055	1.0	27717	26198.95278692245
35	354	28.297690000000003	0.0	27794	26241.135182142254
35	355	27.21445	1.0	27873	26283.801617860798
35	356	28.172182	0.0	27953	26327.03530883789
35	357	28.789913000000002	0.0	28030	26367.561446428303
35	358	29.361618	1.0	28107	26408.951738595963
35	359	26.066769	2.0	28185	26450.106733560562
36	360	27.667447999999997	2.0	28264	26829.6493165493
36	361	26.671090999999997	0.0	28341	26870.64103150368
36	362	27.829994	0.0	28421	26914.234118223187
36	363	28.724245	0.0	28501	26957.092982530598
36	364	29.306186999999998	1.0	28579	26998.553270339966
36	365	28.036436	0.0	28655	27035.647458553314
36	366	29.42758	0.0	28733	27077.200386762615
36	367	29.072844	0.0	28812	27119.63254213333
36	368	26.537985	3.0	28890	27160.691831350327
36	369	30.7537	0.0	28968	27202.664951086044
37	370	27.836044	0.0	29046	27590.989808321003
37	371	29.282175	2.0	29125	27632.819551706318
37	372	32.84151	0.0	29206	27675.321628808968
37	373	30.935783	1.0	29284	27716.38136410713
37	374	26.650114000000002	0.0	29362	27758.77303504944
37	375	30.708591	0.0	29442	27798.366640090942
37	376	27.933876	1.0	29520	27839.619174003597
37	377	29.182655	1.0	29599	27880.019398212436
37	378	23.543713	5.0	29676	27920.75862765312
37	379	30.905659000000004	4.0	29754	27962.972942829125
38	380	29.839696999999997	0.0	29833	28398.155638694767
38	381	25.38027	0.0	29910	28439.388681411743
38	382	30.997774	0.0	29989	28480.129270076748
38	383	28.190561	0.0	30067	28521.235225677487
38	384	26.488928	0.0	30145	28562.77376198769
38	385	31.288734	0.0	30223	28603.41763663292
38	386	30.656088	0.0	30301	28644.634475708008
38	387	28.667568	1.0	30379	28686.194053649902
38	388	31.938463	0.0	30457	28728.192987203598
38	389	25.871235000000002	2.0	30533	28768.72101831436
39	390	28.01905	0.0	30611	29119.372760295868
39	391	27.619566	0.0	30690	29162.289907693863
39	392	27.1802	1.0	30767	29202.941473722454
39	393	28.245844	0.0	30846	29245.35524654388
39	394	28.180473	0.0	30925	29287.75489854813
39	395	24.870014	1.0	31004	29330.527923822403
39	396	30.290647999999997	0.0	31081	29369.472084760662
39	397	28.847975	0.0	31161	29412.044667959213
39	398	27.029804	0.0	31239	29454.24342560768
39	399	26.549229999999998	0.0	31318	29496.027616739277
40	400	28.219427000000003	0.0	31396	29976.15721654892
40	401	28.171416999999998	7.0	31475	30018.1846499443
40	402	24.479433	0.0	31554	30058.53681230545
40	403	25.113433999999998	3.0	31633	30100.30913376808
40	404	28.458759999999998	0.0	31713	30141.96913838386
40	405	28.88513	2.0	31791	30182.90557003021
40	406	25.053617000000003	3.0	31869	30223.34501028061
40	407	27.000837	2.0	31946	30262.873919010162
40	408	29.1731	0.0	32025	30304.415242671967
40	409	29.511019	1.0	32105	30346.34779548645
41	410	26.346338	0.0	32182	30743.02491545677
41	411	30.485544	1.0	32262	30785.308753013614
41	412	28.423138	0.0	32343	30828.83310985565
41	413	31.943583	1.0	32422	30872.170580863956
41	414	27.652678	2.0	32500	30913.126382589337
41	415	26.862362	0.0	32579	30955.904988527294
41	416	29.595894	1.0	32657	30998.1232624054
41	417	29.732385999999998	0.0	32735	31039.97561120987
41	418	29.935532000000002	0.0	32813	31081.719902753834
41	419	30.884234999999997	4.0	32890	31123.24900007248
42	420	26.892015	5.0	32967	31516.476927042007
42	421	30.482643	1.0	33046	31557.415997982025
42	422	31.553209999999996	1.0	33125	31597.817147254947
42	423	28.953000000000003	0.0	33204	31640.00917243957
42	424	30.089165	0.0	33281	31680.34371209145
42	425	24.85432	0.0	33358	31721.15305924416
42	426	31.766046999999997	2.0	33438	31761.147073268887
42	427	22.428445999999997	2.0	33517	31801.94999980926
42	428	30.066433	0.0	33596	31843.281219959263
42	429	24.659615	0.0	33674	31882.407608032227
43	430	29.150229	0.0	33753	32284.960748672485
43	431	28.836569	2.0	33829	32324.641188621517
43	432	26.364303999999997	5.0	33907	32366.570542573932
43	433	29.881756	0.0	33985	32407.0849878788
43	434	28.232020000000002	0.0	34065	32449.294234037403
43	435	32.990223	0.0	34144	32490.08683133125
43	436	25.890593	1.0	34221	32529.92522239685
43	437	27.397995	0.0	34300	32571.36348581314
43	438	30.628849	0.0	34377	32609.27145409584
43	439	26.169363	0.0	34454	32649.452040910717
44	440	28.87228	0.0	34533	33006.59426474571
44	441	26.356491	1.0	34611	33048.79902768135
44	442	26.12084	1.0	34688	33088.7726752758
44	443	29.941988000000002	0.0	34766	33129.97445178032
44	444	28.658286999999998	0.0	34844	33170.14980721474
44	445	26.66041	1.0	34922	33212.29809999467
44	446	28.433815000000003	0.0	35001	33253.81039047241
44	447	28.280790000000003	0.0	35080	33295.68029117584
44	448	32.982914	0.0	35159	33337.48255419731
44	449	29.401857	2.0	35238	33379.152049064636
45	450	30.021265000000003	0.0	35315	33771.957447052
45	451	29.443499	2.0	35392	33812.665771722786
45	452	27.15134	1.0	35472	33855.769448757164
45	453	27.857129999999998	0.0	35551	33896.00232219696
45	454	31.781319	2.0	35629	33937.41908097267
45	455	28.704453000000004	0.0	35707	33979.934898138046
45	456	29.344513	5.0	35785	34021.977519273765
45	457	27.043634	0.0	35864	34064.54646706581
45	458	29.186157	0.0	35943	34105.64544582367
45	459	31.575423999999998	0.0	36021	34147.1747136116
46	460	30.136022999999998	0.0	36101	34505.551300525665
46	461	28.592678000000003	0.0	36180	34548.76872110367
46	462	26.840011999999998	4.0	36259	34591.499820709236
46	463	30.221522999999998	0.0	36338	34631.80649447441
46	464	26.923085999999998	0.0	36418	34674.52200627327
46	465	29.803822999999998	0.0	36496	34715.500985622406
46	466	29.889104999999997	0.0	36575	34758.3381459713
46	467	28.124695000000003	2.0	36653	34800.901594877236
46	468	30.101358	2.0	36730	34842.42608523369
46	469	29.5386	1.0	36808	34883.93119454384
47	470	28.53375	0.0	36886	35244.06314611435
47	471	25.72857	2.0	36964	35286.09843111038
47	472	28.794022	1.0	37042	35328.176052093506
47	473	29.918114000000003	0.0	37119	35369.22322297096
47	474	27.328784999999996	0.0	37196	35410.50792455673
47	475	22.727589000000002	3.0	37274	35452.0509531498
47	476	28.047602	0.0	37351	35493.56972503662
47	477	28.84225	6.0	37430	35536.29228281975
47	478	27.636358	1.0	37507	35577.725881814964
47	479	31.232117	1.0	37585	35619.296439409256
48	480	29.121879999999997	2.0	37663	36022.22170138359
48	481	14.923375	7.0	37740	36063.41084599495
48	482	26.821827000000003	0.0	37818	36105.086839675896
48	483	29.89599	0.0	37897	36147.43267774582
48	484	30.164083	0.0	37976	36189.836552143104
48	485	28.502108000000003	0.0	38055	36230.643875837326
48	486	27.434038	2.0	38135	36273.363762140274
48	487	28.346571	0.0	38213	36314.995242595665
48	488	29.511167999999998	3.0	38292	36355.22577095032
48	489	27.878025	1.0	38370	36396.524306058884
49	490	26.106907	3.0	38447	36803.8845551014
49	491	29.652336	0.0	38524	36843.77127933502
49	492	26.65945	1.0	38601	36885.375269412994
49	493	32.827459999999995	0.0	38679	36926.17835998535
49	494	29.413057000000002	0.0	38757	36967.22340106964
49	495	29.823511	0.0	38837	37010.07459950447
49	496	29.775406	0.0	38915	37052.08401155472
49	497	26.993047999999998	1.0	38993	37093.549602270126
49	498	28.404486	1.0	39070	37134.875965356834
49	499	28.255203	2.0	39148	37174.77664136887
50	500	24.296549	1.0	39226	37539.80410432816
50	501	30.375427000000002	1.0	39306	37582.075911283486
50	502	27.235559999999996	1.0	39384	37622.5226085186
50	503	31.576876000000002	0.0	39463	37664.34353971481
50	504	29.53098	1.0	39543	37705.71604847908
50	505	30.107075	0.0	39621	37747.5211687088
50	506	28.959826	0.0	39699	37787.57226681709
50	507	28.944437	0.0	39779	37830.70947098732
50	508	29.292315999999996	0.0	39858	37872.765461683266
50	509	31.426863	0.0	39938	37914.3283457756
51	510	28.247227000000002	1.0	40016	38324.56701564789
51	511	28.575253000000004	5.0	40094	38365.04198431969
51	512	30.563171	1.0	40172	38406.03227233887
51	513	29.045711999999998	0.0	40251	38447.37838292122
51	514	29.770597	1.0	40329	38489.62635421753
51	515	27.775269	2.0	40408	38532.55237603188
51	516	26.314253000000004	1.0	40487	38575.77743768692
51	517	28.019785	2.0	40565	38616.900406599045
51	518	27.585083	2.0	40643	38657.86542987824
51	519	27.776596	1.0	40721	38699.29702782632
52	520	28.754713	0.0	40801	39071.26745724678
52	521	27.450314000000002	0.0	40877	39111.141965389244
52	522	28.770621999999996	0.0	40955	39150.059164047234
52	523	31.079323	1.0	41033	39189.969256162636
52	524	24.467072	3.0	41112	39231.82098436356
52	525	29.543446999999997	0.0	41190	39273.236097335815
52	526	30.793287	0.0	41271	39316.97422003746
52	527	25.350979000000002	0.0	41349	39358.76881098747
52	528	30.71562	2.0	41427	39400.72485041618
52	529	26.239420000000003	5.0	41505	39441.97858595848
53	530	29.304052000000002	0.0	41582	39856.34877824783
53	531	27.766932	0.0	41660	39896.25049448013
53	532	31.930038	0.0	41741	39939.308747291565
53	533	30.412373	3.0	41819	39979.65765619279
53	534	29.625953999999997	0.0	41897	40019.8201444149
53	535	31.024379999999997	0.0	41978	40060.781192302704
53	536	27.253181	1.0	42056	40102.293717622764
53	537	27.605210999999997	2.0	42135	40144.01094269753
53	538	28.987140000000004	2.0	42213	40183.815120697014
53	539	28.449053000000003	0.0	42290	40225.65282320976
54	540	28.078276000000002	0.0	42368	40879.92164349556
54	541	23.645410000000002	14.0	42446	40922.30276823044
54	542	31.294790000000003	5.0	42524	40962.87249112129
54	543	29.221840000000004	1.0	42602	41005.97977018356
54	544	29.796438000000002	1.0	42680	41048.233422517784
54	545	30.151934000000004	0.0	42759	41090.7519094944
54	546	27.696935999999997	0.0	42835	41131.72355747223
54	547	28.603641999999997	0.0	42912	41172.813169002526
54	548	31.549843	0.0	42992	41216.02411174774
54	549	21.879885	5.0	43069	41257.069235086434
55	550	27.813496	1.0	43147	41676.872598648064
55	551	27.715359999999997	0.0	43226	41719.337881088264
55	552	25.815483	2.0	43305	41761.8576631546
55	553	28.940014	0.0	43384	41803.18080115318
55	554	28.68057	0.0	43463	41844.44052672386
55	555	27.574911	0.0	43541	41884.76556253433
55	556	28.542727000000003	0.0	43618	41926.64666986466
55	557	30.300674	0.0	43697	41968.89406609535
55	558	29.964184000000003	0.0	43776	42011.132380485535
55	559	28.478632	0.0	43855	42053.739426136024
56	560	29.631141999999997	0.0	43934	42428.12598395348
56	561	29.766163	3.0	44012	42469.91797924042
56	562	27.297894	0.0	44090	42511.373406648636
56	563	22.647577	3.0	44168	42553.31342601776
56	564	28.855062	3.0	44247	42595.195563554764
56	565	29.274735999999997	0.0	44326	42636.65292906761
56	566	29.95709	1.0	44404	42678.30350089073
56	567	25.854060999999998	2.0	44484	42721.69575095177
56	568	29.130646000000002	0.0	44562	42762.857504367836
56	569	26.019976	0.0	44639	42804.85849738121
57	570	30.089329	0.0	44717	43230.41841340065
57	571	32.252320000000005	0.0	44796	43272.22763180733
57	572	27.592940000000002	3.0	44873	43313.13004279137
57	573	27.896904	0.0	44950	43354.92191290856
57	574	31.04478	1.0	45028	43398.0527882576
57	575	29.511963	0.0	45106	43437.32256340981
57	576	28.552933000000003	1.0	45184	43480.434047698975
57	577	27.655245	1.0	45264	43523.38453435898
57	578	23.79748	1.0	45342	43565.38277125359
57	579	26.941214000000002	1.0	45421	43608.31922054291
58	580	28.629416	0.0	45500	44033.79719042778
58	581	27.271938000000002	0.0	45579	44076.20435357094
58	582	24.536479999999997	0.0	45656	44117.65658283234
58	583	29.998121	0.0	45734	44159.0964012146
58	584	31.015642	0.0	45813	44198.97799372673
58	585	27.7781	0.0	45890	44238.73612856865
58	586	28.051904999999998	1.0	45969	44280.18346214294
58	587	27.025917	3.0	46046	44321.16620564461
58	588	27.351255	1.0	46124	44363.41863512993
58	589	29.198278000000002	2.0	46202	44405.09867167473
59	590	25.891964	1.0	46280	44773.768042325966
59	591	28.510772999999997	1.0	46357	44814.596397161484
59	592	27.359612	1.0	46436	44855.81448483467
59	593	29.018261	0.0	46514	44897.01654911041
59	594	29.013731	0.0	46593	44938.851726293564
59	595	33.21758	0.0	46671	44979.65319180489
59	596	25.76461	1.0	46748	45019.29010128975
59	597	26.615557	1.0	46825	45060.486680746086
59	598	26.261315999999997	2.0	46902	45102.758524179466
59	599	29.542267	0.0	46982	45142.75543165207
60	600	26.674694	6.0	47060	45575.83107972144
60	601	28.318844	1.0	47138	45616.80056142806
60	602	28.636303	2.0	47217	45658.31863665581
60	603	25.090431	0.0	47295	45699.44908499718
60	604	20.80469	5.0	47372	45741.403517484665
60	605	27.959583000000002	2.0	47449	45782.58994102479
60	606	26.776293	3.0	47527	45824.595889091484
60	607	29.895815000000002	0.0	47606	45866.138170719154
60	608	27.794791999999998	1.0	47683	45907.097715377815
60	609	27.923603000000004	0.0	47761	45949.357294559486
61	610	29.988436	1.0	47839	46333.16854691506
61	611	30.616584999999997	2.0	47916	46374.02824687958
61	612	25.432775	0.0	47994	46414.40274310112
61	613	24.543003	6.0	48072	46456.15467190743
61	614	30.342691	2.0	48150	46497.11633729935
61	615	27.094877	2.0	48227	46538.58108568192
61	616	29.985777000000002	1.0	48306	46581.254777669914
61	617	30.442684000000003	1.0	48383	46622.41581177712
61	618	26.318407	4.0	48461	46664.64647221565
61	619	28.413765	3.0	48539	46706.87546396256
62	620	29.353926	3.0	48616	47093.64021420479
62	621	28.918688	2.0	48694	47135.817576646805
62	622	25.434288000000002	3.0	48770	47176.14089131355
62	623	26.505987	3.0	48848	47216.643756866455
62	624	27.154156	0.0	48926	47257.47978711128
62	625	29.528482	2.0	49003	47299.00738310813
62	626	25.998457000000002	1.0	49083	47341.601281404495
62	627	30.089104	3.0	49161	47382.11415338517
62	628	31.684275	0.0	49240	47426.10656428337
62	629	27.585033000000003	0.0	49320	47467.0594637394
63	630	27.56164	5.0	49397	47899.5458946228
63	631	27.921326	0.0	49475	47939.12622380257
63	632	27.937994	0.0	49554	47979.50738358498
63	633	29.430729	0.0	49632	48020.85700631142
63	634	28.533615	0.0	49711	48060.95880198479
63	635	25.472752	1.0	49787	48100.83879685403
63	636	27.518179999999997	0.0	49865	48142.31389212608
63	637	30.23681	0.0	49944	48184.41678833962
63	638	30.032763	1.0	50023	48226.139062404625
63	639	28.037275	2.0	50102	48268.55579471588
64	640	25.370445	0.0	50179	48660.496858358376
64	641	30.601872999999998	1.0	50258	48701.97462129593
64	642	31.411172999999998	2.0	50339	48742.50099396706
64	643	31.954646999999998	2.0	50417	48782.364847183235
64	644	30.053696000000002	0.0	50495	48821.54788994789
64	645	27.839015999999997	2.0	50573	48863.27333188057
64	646	24.955067	0.0	50650	48904.41585445403
64	647	32.024506	0.0	50728	48945.633775472634
64	648	27.691277000000003	0.0	50809	48989.727426290505
64	649	29.700246999999997	0.0	50888	49030.55159831047
65	650	28.131813	0.0	50967	49472.28578877449
65	651	29.945782	3.0	51047	49514.51591873169
65	652	29.689543	4.0	51126	49556.512575626366
65	653	29.006144	4.0	51204	49598.50046873093
65	654	30.031696000000004	4.0	51282	49639.673560380936
65	655	28.281390000000002	2.0	51360	49680.95673465729
65	656	29.175894	1.0	51438	49721.825932264335
65	657	25.32868	1.0	51517	49763.41082143784
65	658	31.328397999999996	0.0	51595	49803.92401432991
65	659	28.73327	4.0	51673	49845.68052244186
66	660	27.07745	0.0	51752	50289.198393821716
66	661	29.803587	1.0	51831	50332.09820985794
66	662	28.775278000000004	0.0	51910	50373.4725959301
66	663	25.618391	0.0	51988	50415.12046957017
66	664	25.955666	1.0	52066	50457.62362670898
66	665	30.728517999999998	0.0	52146	50498.573734760284
66	666	28.988570000000003	1.0	52224	50540.61669039726
66	667	27.683415999999998	0.0	52302	50581.89046502113
66	668	27.914821999999997	2.0	52382	50624.53229188919
66	669	29.620052	1.0	52460	50666.136363983154
