Epoch	Episode	EpRet	EpCost	TotalEnvInteracts	Time
0	0	14.010124	23.0	77	1511.2210357189178
0	1	26.138285	0.0	155	1558.0360145568848
0	2	18.277529	1.0	232	1604.4100894927979
0	3	7.45855	0.0	308	1649.6588492393494
0	4	26.272734	3.0	385	1696.8755433559418
0	5	8.449712	25.0	462	1743.1530396938324
0	6	24.711481	5.0	538	1789.4281673431396
0	7	26.622473	0.0	614	1836.4501719474792
0	8	11.008269	30.0	690	1882.8941838741302
0	9	29.050392	1.0	768	1930.5189945697784
1	10	26.759829	3.0	846	2367.7206559181213
1	11	9.704089	2.0	921	2415.602484703064
1	12	29.213903	9.0	999	2465.0424823760986
1	13	27.688457	1.0	1077	2513.662696838379
1	14	30.491732	0.0	1154	2561.028836250305
1	15	23.309967	7.0	1232	2609.7362813949585
1	16	24.715002	4.0	1310	2657.9510884284973
1	17	29.033785	4.0	1387	2706.4419255256653
1	18	25.641304	1.0	1465	2755.101303100586
1	19	26.818375	2.0	1543	2803.5065202713013
2	20	23.03549	1.0	1620	3202.1900448799133
2	21	28.914799	2.0	1698	3251.2733101844788
2	22	28.224321	4.0	1774	3298.065773963928
2	23	22.881878	3.0	1852	3345.92893576622
2	24	28.3807	0.0	1930	3393.9451150894165
2	25	29.822746	0.0	2009	3442.1155264377594
2	26	26.663618	2.0	2088	3489.5894927978516
2	27	25.125505	7.0	2165	3534.9593539237976
2	28	24.59393	1.0	2242	3580.4998943805695
2	29	22.334848	2.0	2319	3626.8124067783356
3	30	28.044893	2.0	2398	4055.570355653763
3	31	27.084951	5.0	2476	4104.315367460251
3	32	22.438457	10.0	2553	4151.631259679794
3	33	28.054438	0.0	2630	4199.622198343277
3	34	26.984808	5.0	2708	4247.810683965683
3	35	25.298613	1.0	2786	4295.320286273956
3	36	20.245358	7.0	2863	4342.929413795471
3	37	25.108559	0.0	2942	4392.153382062912
3	38	27.841223	6.0	3019	4440.0449278354645
3	39	26.660116	1.0	3096	4487.144736051559
4	40	32.807564	1.0	3174	4903.276842832565
4	41	28.625282	4.0	3252	4952.987871170044
4	42	27.475454	0.0	3330	5002.420568227768
4	43	24.446667	8.0	3407	5051.958515882492
4	44	27.88536	4.0	3484	5100.048395872116
4	45	28.784071	2.0	3562	5147.641396045685
4	46	25.866755	4.0	3639	5193.394036769867
4	47	4.374542	13.0	3715	5239.44699215889
4	48	32.829865	5.0	3793	5286.076452493668
4	49	27.039408	1.0	3870	5333.13179397583
5	50	27.417263	3.0	3950	5770.64351439476
5	51	21.98807	7.0	4027	5819.250653743744
5	52	30.333557	3.0	4106	5868.994813680649
5	53	24.12187	5.0	4184	5917.977260112762
5	54	25.020153	9.0	4261	5967.285418987274
5	55	28.622887	5.0	4338	6016.0492124557495
5	56	27.414185	4.0	4416	6064.867036104202
5	57	27.418312	2.0	4495	6115.726378440857
5	58	25.037386	2.0	4572	6164.605930328369
5	59	29.699223	1.0	4651	6213.595838546753
6	60	30.315996	3.0	4730	6634.769460439682
6	61	26.266127	6.0	4809	6684.318025112152
6	62	27.47947	1.0	4887	6733.1581819057465
6	63	29.657072	3.0	4965	6782.505608797073
6	64	27.412743	0.0	5044	6833.003272771835
6	65	28.93145	7.0	5122	6882.175025701523
6	66	20.199245	1.0	5199	6930.554375886917
6	67	30.809654	3.0	5277	6980.048968791962
6	68	28.833916	8.0	5354	7029.052352905273
6	69	24.34675	4.0	5431	7077.624299764633
7	70	28.533419	4.0	5509	7496.549106359482
7	71	25.712885	10.0	5588	7546.005240917206
7	72	27.67087	7.0	5666	7595.590524196625
7	73	27.11302	2.0	5744	7645.22358584404
7	74	24.206274	6.0	5822	7695.312200546265
7	75	27.40499	0.0	5900	7742.984356403351
7	76	26.061003	6.0	5977	7790.873010873795
7	77	30.760885	2.0	6056	7838.506498813629
7	78	28.97294	5.0	6134	7884.922954082489
7	79	25.944294	11.0	6210	7930.842623233795
8	80	29.137335	1.0	6288	8342.366547107697
8	81	31.991287	3.0	6366	8391.568710803986
8	82	28.981403	6.0	6443	8440.079448223114
8	83	26.207024	0.0	6522	8488.54937171936
8	84	21.22353	1.0	6599	8535.858877658844
8	85	28.824842	4.0	6677	8584.64653968811
8	86	30.672722	3.0	6754	8632.73958683014
8	87	29.888302	1.0	6831	8676.429477930069
8	88	29.69982	0.0	6908	8721.585649967194
8	89	26.890226	5.0	6984	8767.072209358215
9	90	28.705313	6.0	7061	9171.258653879166
9	91	25.818241	8.0	7137	9219.746831178665
9	92	22.916292	2.0	7214	9268.800866365433
9	93	28.950294	2.0	7291	9317.637489318848
9	94	26.880445	4.0	7369	9366.43741106987
9	95	28.98133	4.0	7446	9414.546125650406
9	96	29.355629	3.0	7523	9463.13126373291
9	97	28.483543	3.0	7599	9511.771381855011
9	98	25.276072	5.0	7677	9561.971594810486
9	99	31.071257	9.0	7755	9612.546384096146
10	100	28.845406	2.0	7831	10076.529887676239
10	101	26.791922	3.0	7910	10126.43790102005
10	102	28.752447	3.0	7988	10174.893983840942
10	103	23.887608	2.0	8066	10221.618728160858
10	104	26.973036	3.0	8144	10270.060572624207
10	105	27.95048	11.0	8223	10319.649092674255
10	106	29.213495	1.0	8301	10368.086033344269
10	107	25.877977	2.0	8380	10418.212556123734
10	108	28.036154	6.0	8458	10466.038863897324
10	109	32.224575	6.0	8538	10514.73732972145
11	110	31.452995	1.0	8615	10901.904166936874
11	111	29.328789	0.0	8694	10951.336971998215
11	112	28.230064	2.0	8771	11000.845958948135
11	113	30.452133	0.0	8849	11051.192391872406
11	114	31.81915	2.0	8928	11101.062094926834
11	115	24.818987	4.0	9005	11149.633501291275
11	116	28.986525	6.0	9084	11199.41349697113
11	117	30.590136	1.0	9162	11248.486112356186
11	118	26.276468	7.0	9240	11298.017552375793
11	119	25.49225	9.0	9317	11345.600322961807
12	120	28.230404	2.0	9393	11699.509425401688
12	121	26.919119	2.0	9471	11746.844675540924
12	122	32.843197	5.0	9550	11794.62045621872
12	123	25.017859	5.0	9627	11842.138385295868
12	124	29.441528	6.0	9704	11888.890821695328
12	125	27.525747	2.0	9780	11934.794543027878
12	126	31.794598	7.0	9857	11980.293739318848
12	127	29.956503	1.0	9935	12025.704689979553
12	128	26.045143	0.0	10012	12070.840146541595
12	129	25.639336	0.0	10090	12116.447677850723
13	130	32.58226	0.0	10166	12635.73405456543
13	131	28.934467	11.0	10243	12684.98780989647
13	132	29.573647	5.0	10320	12733.220287799835
13	133	30.710316	2.0	10399	12781.846665143967
13	134	30.953012	1.0	10479	12833.582388401031
13	135	30.1191	5.0	10558	12884.869972467422
13	136	29.247929	4.0	10636	12936.697350025177
13	137	31.327677	2.0	10714	12987.168998241425
13	138	29.139626	1.0	10790	13037.393860340118
13	139	2.7090087	6.0	10866	13087.616588115692
14	140	27.980644	3.0	10942	13549.322183609009
14	141	30.133627	6.0	11021	13596.904578924179
14	142	31.502792	4.0	11099	13644.47962975502
14	143	29.424295	0.0	11177	13692.614800691605
14	144	29.143679	1.0	11254	13739.64578294754
14	145	29.673094	10.0	11332	13787.148287534714
14	146	29.609274	1.0	11409	13834.146122694016
14	147	26.68682	1.0	11487	13880.930622816086
14	148	29.855104	3.0	11565	13927.538389444351
14	149	28.590916	6.0	11641	13974.435616493225
15	150	30.882912	3.0	11720	14362.982301473618
15	151	31.691708	0.0	11797	14410.56062412262
15	152	27.475075	6.0	11875	14458.076721668243
15	153	28.174623	0.0	11953	14504.73142838478
15	154	27.157446	5.0	12031	14553.141328811646
15	155	27.786203	0.0	12108	14599.865142345428
15	156	28.77113	10.0	12185	14647.290582418442
15	157	25.737522	2.0	12262	14695.82750415802
15	158	29.500624	0.0	12339	14742.753199100494
15	159	28.270689	3.0	12417	14790.406868457794
16	160	28.374954	3.0	12493	15224.420884847641
16	161	29.057795	4.0	12571	15272.720385074615
16	162	29.054081	2.0	12648	15319.153407812119
16	163	20.986292	3.0	12725	15366.560373783112
16	164	28.63081	1.0	12802	15412.69940495491
16	165	25.864693	2.0	12880	15459.465648651123
16	166	26.934622	0.0	12959	15504.64655470848
16	167	30.61375	0.0	13035	15548.354537963867
16	168	25.34547	5.0	13112	15591.72826051712
16	169	30.98659	0.0	13190	15636.506985902786
17	170	28.062899	6.0	13269	16133.27380156517
17	171	28.270767	3.0	13346	16182.722036361694
17	172	30.072433	0.0	13425	16232.151854515076
17	173	24.06408	5.0	13502	16278.837142944336
17	174	29.974337	4.0	13579	16326.65764760971
17	175	27.771938	3.0	13657	16375.70329451561
17	176	26.775978	10.0	13735	16424.670110225677
17	177	29.035675	3.0	13812	16472.497354745865
17	178	26.171282	3.0	13888	16520.509278535843
17	179	24.281778	0.0	13966	16569.38116168976
18	180	33.89716	0.0	14045	17034.82896256447
18	181	28.029919	0.0	14123	17079.728324890137
18	182	30.89138	3.0	14202	17124.555464744568
18	183	26.77162	4.0	14280	17169.258322238922
18	184	23.087921	2.0	14357	17213.231244802475
18	185	29.901009	4.0	14434	17257.034600496292
18	186	29.482407	3.0	14513	17302.845198392868
18	187	28.955387	6.0	14591	17347.913043498993
18	188	27.668064	3.0	14668	17392.621480464935
18	189	28.25515	2.0	14747	17439.24543786049
19	190	29.835823	2.0	14825	17806.346925020218
19	191	29.19	0.0	14905	17855.132890701294
19	192	33.0483	3.0	14984	17902.926599740982
19	193	29.068983	14.0	15061	17950.478224277496
19	194	26.664875	7.0	15138	17997.552592992783
19	195	28.654703	0.0	15214	18043.64982318878
19	196	27.95754	13.0	15293	18091.827757120132
19	197	28.730404	4.0	15370	18138.976932048798
19	198	28.729128	0.0	15448	18185.123792409897
19	199	30.421513	1.0	15527	18230.950030326843
20	200	28.291311	3.0	15604	18684.969192028046
20	201	28.80021	8.0	15681	18729.124796152115
20	202	27.22569	2.0	15758	18771.75601029396
20	203	27.966394	7.0	15836	18816.515450954437
20	204	25.919619	11.0	15913	18859.899539470673
20	205	33.884514	2.0	15991	18904.90215611458
20	206	31.248241	2.0	16070	18951.72287106514
20	207	31.267069	4.0	16148	18996.246647119522
20	208	17.025969	2.0	16225	19038.649009227753
20	209	29.758638	2.0	16303	19081.965784311295
21	210	27.941738	5.0	16380	19422.089802265167
21	211	28.196774	3.0	16459	19467.032897233963
21	212	31.547657	4.0	16539	19512.03941512108
21	213	28.334532	3.0	16617	19556.11433815956
21	214	26.460913	9.0	16694	19599.671718358994
21	215	26.000132	0.0	16771	19642.858516931534
21	216	25.363537	0.0	16849	19686.55495452881
21	217	29.50618	3.0	16926	19730.891860723495
21	218	29.599373	6.0	17003	19774.09850525856
21	219	29.35007	2.0	17082	19819.78569841385
22	220	30.674883	3.0	17160	20213.64884352684
22	221	31.452967	1.0	17239	20254.928375959396
22	222	31.284063	3.0	17318	20298.22451686859
22	223	28.688942	3.0	17396	20340.06080842018
22	224	32.05788	3.0	17473	20382.68972682953
22	225	22.899933	9.0	17551	20425.770207881927
22	226	31.131891	2.0	17631	20469.730112552643
22	227	29.780695	8.0	17708	20513.897020578384
22	228	29.947954	1.0	17786	20558.972907066345
22	229	28.920912	4.0	17863	20602.155841112137
23	230	31.808495	6.0	17941	20904.694341897964
23	231	26.721586	2.0	18017	20948.63369321823
23	232	31.062315	0.0	18095	20994.91998887062
23	233	27.033226	0.0	18173	21042.170717954636
23	234	26.995695	6.0	18249	21088.097588539124
23	235	28.86351	3.0	18326	21134.95033979416
23	236	27.496536	3.0	18403	21181.562875270844
23	237	30.708914	0.0	18481	21228.458899736404
23	238	24.86732	4.0	18557	21273.589029550552
23	239	33.375492	3.0	18634	21320.960639476776
24	240	29.77941	0.0	18712	21635.445863962173
24	241	26.681808	0.0	18791	21683.347893953323
24	242	25.107206	0.0	18869	21728.857808351517
24	243	28.878708	1.0	18946	21772.567251205444
24	244	30.231306	0.0	19024	21815.28266954422
24	245	28.28619	1.0	19101	21857.17948937416
24	246	28.669544	0.0	19178	21898.378815174103
24	247	27.60165	2.0	19255	21940.551885843277
24	248	27.218618	1.0	19333	21983.007449388504
24	249	26.604149	4.0	19409	22024.802985668182
25	250	28.970377	0.0	19487	22357.00879216194
25	251	27.485481	3.0	19563	22402.299196243286
25	252	25.942305	2.0	19639	22446.952023744583
25	253	27.43726	1.0	19717	22492.671865701675
25	254	29.779165	1.0	19795	22538.876606464386
25	255	26.721615	1.0	19874	22584.337527275085
25	256	28.2965	0.0	19952	22628.39608812332
25	257	31.582802	3.0	20031	22673.513533592224
25	258	29.575157	2.0	20108	22716.31644821167
25	259	30.259996	1.0	20186	22760.576718568802
26	260	29.28691	0.0	20264	23087.326441526413
26	261	31.570742	2.0	20342	23131.919669866562
26	262	27.317722	1.0	20421	23179.355479240417
26	263	27.97675	2.0	20498	23224.598764419556
26	264	26.649384	1.0	20576	23269.662536144257
26	265	30.97406	7.0	20655	23315.757781505585
26	266	30.657015	0.0	20735	23361.063985586166
26	267	28.0004	3.0	20814	23405.24342918396
26	268	30.212894	2.0	20891	23448.131460905075
26	269	27.663074	0.0	20968	23490.386924266815
27	270	28.276642	3.0	21045	23849.75898528099
27	271	24.248508	9.0	21121	23894.74046111107
27	272	28.152536	1.0	21198	23940.92344403267
27	273	26.59991	1.0	21275	23987.636768341064
27	274	24.964737	0.0	21353	24034.946477651596
27	275	28.382206	2.0	21431	24081.738275527954
27	276	26.754639	6.0	21508	24128.15667295456
27	277	27.1287	1.0	21585	24174.420087337494
27	278	33.098938	1.0	21665	24221.91929244995
27	279	27.511072	3.0	21741	24268.062246084213
28	280	27.715534	0.0	21818	24585.961694717407
28	281	26.21867	9.0	21896	24629.94857788086
28	282	27.822975	0.0	21973	24676.283218860626
28	283	31.407999	4.0	22051	24722.30518436432
28	284	27.916632	0.0	22128	24767.855172872543
28	285	28.531403	1.0	22205	24811.096952199936
28	286	30.375622	1.0	22283	24853.108958244324
28	287	20.816042	2.0	22360	24894.56459903717
28	288	29.375195	2.0	22440	24937.358746528625
28	289	28.71709	2.0	22518	24977.77050948143
29	290	29.565464	0.0	22596	25346.860522270203
29	291	29.896986	0.0	22674	25396.375022888184
29	292	31.058004	4.0	22750	25442.82478451729
29	293	28.340084	0.0	22828	25492.598755836487
29	294	31.041296	5.0	22904	25540.899309158325
29	295	27.503532	0.0	22983	25590.949939012527
29	296	26.714796	8.0	23061	25637.56742286682
29	297	28.56396	6.0	23138	25680.68703842163
29	298	31.632015	3.0	23216	25725.149740457535
29	299	30.350376	9.0	23294	25770.86373448372
30	300	25.35314	4.0	23372	26114.071897029877
30	301	25.274836	0.0	23449	26160.008732557297
30	302	26.807543	0.0	23528	26207.58038330078
30	303	28.338762	0.0	23606	26254.24031996727
30	304	28.249468	1.0	23685	26301.479563951492
30	305	27.97556	2.0	23762	26344.33341741562
30	306	30.342648	7.0	23840	26387.126497507095
30	307	28.287622	4.0	23917	26430.151559352875
30	308	28.490622	3.0	23994	26473.92966747284
30	309	26.858074	3.0	24072	26518.069144248962
31	310	25.329895	6.0	24149	26866.749387025833
31	311	30.485165	5.0	24227	26918.199244737625
31	312	31.159937	2.0	24305	26969.960874080658
31	313	17.02356	3.0	24381	27020.69539499283
31	314	29.942848	0.0	24460	27073.269214868546
31	315	28.811548	1.0	24537	27123.092336177826
31	316	30.163168	4.0	24615	27172.882646799088
31	317	29.3254	0.0	24694	27224.13263463974
31	318	27.698025	0.0	24771	27274.505887031555
31	319	30.52645	1.0	24848	27323.978555202484
32	320	30.168098	3.0	24926	27872.53151488304
32	321	26.542353	9.0	25003	27920.829235076904
32	322	27.884026	0.0	25081	27969.604564666748
32	323	30.880217	1.0	25159	28018.57101225853
32	324	29.046759	0.0	25236	28065.53920865059
32	325	31.874477	3.0	25315	28113.35260128975
32	326	28.902615	5.0	25393	28161.222293138504
32	327	30.763641	7.0	25471	28208.64984679222
32	328	29.969765	0.0	25547	28254.7804749012
32	329	29.198505	1.0	25626	28302.23370862007
33	330	27.681976	5.0	25704	28932.718425035477
33	331	29.309841	9.0	25782	28984.33868741989
33	332	29.869963	0.0	25859	29033.273936748505
33	333	30.920176	1.0	25937	29083.05541086197
33	334	27.759346	3.0	26015	29132.787497520447
33	335	26.004179	0.0	26091	29182.269004821777
33	336	25.680868	1.0	26168	29231.36215877533
33	337	30.537863	4.0	26248	29282.421098470688
33	338	29.431173	2.0	26327	29331.471574544907
33	339	29.808662	0.0	26405	29380.613561868668
34	340	28.805925	0.0	26483	29873.951988220215
34	341	27.656916	4.0	26561	29918.915556192398
34	342	28.141804	0.0	26639	29963.801020860672
34	343	26.910599	2.0	26717	30008.72000670433
34	344	30.439753	1.0	26795	30053.767498254776
34	345	30.405645	2.0	26872	30097.332283973694
34	346	26.741364	1.0	26948	30140.68816637993
34	347	25.817451	1.0	27025	30184.666345357895
34	348	26.010967	0.0	27103	30229.429318904877
34	349	27.57669	1.0	27181	30274.918714284897
35	350	26.694908	1.0	27258	30695.55658531189
35	351	33.786846	0.0	27337	30743.17921924591
35	352	30.602135	1.0	27416	30790.399547815323
35	353	26.790716	4.0	27492	30835.27765226364
35	354	28.540024	6.0	27570	30881.760347127914
35	355	28.3214	8.0	27649	30932.08408474922
35	356	26.192654	6.0	27727	30982.08615064621
35	357	26.113594	7.0	27804	31031.595457553864
35	358	30.75816	2.0	27882	31079.912387132645
35	359	28.130486	1.0	27958	31126.37461233139
36	360	29.54348	0.0	28038	31642.25982761383
36	361	29.248941	0.0	28116	31692.204733371735
36	362	31.205395	2.0	28194	31741.05272579193
36	363	28.672743	2.0	28274	31789.893573522568
36	364	31.812498	2.0	28352	31838.0257062912
36	365	32.15582	1.0	28432	31887.28102040291
36	366	27.441664	7.0	28510	31936.410962343216
36	367	26.815483	2.0	28589	31986.211907863617
36	368	27.440163	2.0	28666	32034.40682387352
36	369	28.952988	1.0	28743	32083.029832839966
37	370	28.151241	0.0	28821	32785.82974410057
37	371	28.188143	2.0	28899	32834.87511229515
37	372	26.471737	3.0	28976	32882.8217895031
37	373	29.925219	5.0	29054	32931.24760270119
37	374	29.499147	2.0	29130	32979.65868282318
37	375	29.150656	2.0	29207	33028.12342476845
37	376	29.986982	2.0	29284	33076.93236017227
37	377	29.800386	1.0	29363	33127.34505677223
37	378	28.493914	4.0	29440	33177.36116075516
37	379	28.188726	1.0	29518	33228.96131491661
38	380	25.648159	0.0	29598	33736.00612068176
38	381	27.080212	0.0	29674	33782.883029937744
38	382	28.199482	1.0	29753	33831.46695184708
38	383	29.845182	0.0	29830	33879.367862701416
38	384	20.20646	4.0	29907	33926.30346536636
38	385	28.537958	1.0	29985	33974.51118993759
38	386	29.666456	0.0	30063	34022.2949488163
38	387	29.29533	2.0	30140	34069.853714466095
38	388	25.390505	4.0	30218	34117.664605379105
38	389	28.838253	1.0	30294	34165.95867705345
39	390	32.27297	1.0	30373	34679.493997335434
39	391	26.570135	2.0	30450	34728.01505661011
39	392	26.223785	1.0	30528	34777.25899004936
39	393	29.260796	1.0	30606	34826.96199297905
39	394	33.15777	1.0	30685	34877.784249305725
39	395	28.439415	0.0	30764	34928.74704313278
39	396	29.928095	0.0	30842	34978.550751686096
39	397	25.380005	1.0	30921	35029.12374019623
39	398	27.87354	0.0	31000	35079.77177834511
39	399	28.599274	3.0	31076	35128.55942583084
40	400	31.140312	7.0	31155	35923.663922309875
40	401	28.176678	3.0	31232	35970.37545490265
40	402	29.17787	6.0	31309	36017.25447535515
40	403	31.916143	0.0	31387	36065.82259678841
40	404	28.799902	5.0	31464	36114.610016822815
40	405	11.945064	5.0	31540	36163.31835126877
40	406	28.527794	9.0	31618	36212.053691625595
40	407	15.6902	14.0	31695	36259.545572042465
40	408	29.606468	2.0	31773	36309.45348596573
40	409	26.995079	2.0	31849	36357.71714711189
41	410	28.893661	0.0	31927	36816.51250958443
41	411	33.18708	3.0	32006	36866.38164496422
41	412	25.990595	1.0	32084	36916.31251192093
41	413	29.751732	1.0	32163	36967.48103141785
41	414	30.351347	2.0	32240	37019.18510341644
41	415	31.561983	3.0	32319	37071.18156790733
41	416	28.905895	3.0	32397	37121.64835000038
41	417	29.004004	2.0	32474	37171.138651371
41	418	28.166382	0.0	32552	37220.496364593506
41	419	29.698988	1.0	32630	37270.7381439209
42	420	28.530521	1.0	32708	37722.36715102196
42	421	25.71856	5.0	32785	37770.15346622467
42	422	29.175417	0.0	32863	37817.3900103569
42	423	30.78769	0.0	32942	37864.810529232025
42	424	24.157572	4.0	33021	37914.23867273331
42	425	28.547022	8.0	33099	37964.146013736725
42	426	28.905289	2.0	33176	38011.40604734421
42	427	31.890085	1.0	33254	38059.30750179291
42	428	26.622765	1.0	33332	38108.46504497528
42	429	26.983778	1.0	33410	38155.23596858978
43	430	28.07842	1.0	33489	38606.201224803925
43	431	28.483297	0.0	33567	38655.26265478134
43	432	29.125134	4.0	33646	38702.01830077171
43	433	25.84156	1.0	33723	38748.422501802444
43	434	29.110826	1.0	33799	38794.50944471359
43	435	29.299633	4.0	33876	38840.61185359955
43	436	27.713736	4.0	33953	38888.30522656441
43	437	28.168041	3.0	34029	38934.81568193436
43	438	26.984838	3.0	34106	38982.11312747002
43	439	26.631168	3.0	34185	39031.44404935837
44	440	28.46373	0.0	34264	39546.5136282444
44	441	27.928186	2.0	34341	39594.1941652298
44	442	28.993982	0.0	34420	39643.90263962746
44	443	29.281418	0.0	34499	39691.13214111328
44	444	28.532856	1.0	34577	39739.08754301071
44	445	28.853916	2.0	34655	39786.98508858681
44	446	29.328302	1.0	34732	39834.729736328125
44	447	33.3065	0.0	34811	39883.95942091942
44	448	31.661194	1.0	34890	39932.527386426926
44	449	31.03011	1.0	34967	39980.52688097954
45	450	14.156713	10.0	35044	40783.359103918076
45	451	23.097273	3.0	35121	40831.647469997406
45	452	29.627377	3.0	35198	40880.094747543335
45	453	26.439919	3.0	35273	40929.778703927994
45	454	29.745546	0.0	35350	40979.64686179161
45	455	26.725344	0.0	35427	41029.88230013847
45	456	30.472525	0.0	35505	41080.533009290695
45	457	30.091997	1.0	35582	41130.86891961098
45	458	28.951807	3.0	35661	41183.36542582512
45	459	30.209282	0.0	35737	41232.41280937195
46	460	26.292831	0.0	35814	41720.413786649704
46	461	29.664808	3.0	35892	41767.8472533226
46	462	29.262611	5.0	35970	41814.98605847359
46	463	26.125593	4.0	36047	41860.23226976395
46	464	26.154467	5.0	36126	41906.875849962234
46	465	27.350262	2.0	36204	41952.82485842705
46	466	32.024456	1.0	36283	41997.962627887726
46	467	28.572441	1.0	36361	42043.56633687019
46	468	29.333014	0.0	36439	42089.08247566223
46	469	27.874819	3.0	36518	42135.2664911747
47	470	27.15858	0.0	36596	42602.181262254715
47	471	30.28503	2.0	36675	42651.2538561821
47	472	32.100937	2.0	36753	42697.715240478516
47	473	27.482054	0.0	36833	42746.73643016815
47	474	31.13992	0.0	36909	42794.38095021248
47	475	30.527536	1.0	36988	42843.31201648712
47	476	27.89571	4.0	37065	42893.277473688126
47	477	29.583744	8.0	37143	42944.16441130638
47	478	29.655787	15.0	37220	42991.13339805603
47	479	27.115477	0.0	37296	43038.6349439621
48	480	27.504654	3.0	37372	43660.42367196083
48	481	27.914366	1.0	37451	43708.59981703758
48	482	31.258453	2.0	37529	43756.56598544121
48	483	32.770657	0.0	37609	43804.527909994125
48	484	29.526527	1.0	37686	43852.46009206772
48	485	25.452148	5.0	37763	43899.511708498
48	486	28.892271	0.0	37842	43945.95931768417
48	487	32.019928	3.0	37919	43988.84609556198
48	488	29.648743	0.0	37996	44032.53894615173
48	489	29.244137	2.0	38072	44075.285103559494
49	490	25.803682	3.0	38150	44489.431517124176
49	491	28.597902	0.0	38228	44538.62126541138
49	492	29.792473	0.0	38306	44588.356420755386
49	493	27.709257	4.0	38384	44637.76882863045
49	494	26.074768	1.0	38462	44687.33242225647
49	495	28.919952	1.0	38540	44734.77800798416
49	496	25.6719	4.0	38616	44781.930466890335
49	497	25.636797	3.0	38693	44830.8102581501
49	498	30.272297	2.0	38771	44881.12575793266
49	499	28.23502	2.0	38849	44930.490050792694
50	500	27.248528	3.0	38926	45358.00542426109
50	501	29.938637	1.0	39002	45403.97272133827
50	502	30.313173	0.0	39080	45450.79312586784
50	503	29.527514	3.0	39157	45497.80942249298
50	504	26.147598	3.0	39234	45543.05239653587
50	505	25.946577	2.0	39312	45589.74554157257
50	506	28.341438	5.0	39390	45636.46966958046
50	507	27.772299	0.0	39468	45683.09452629089
50	508	30.10736	0.0	39546	45729.552069187164
50	509	25.328533	1.0	39623	45775.63456630707
51	510	30.251984	2.0	39701	46252.50948858261
51	511	25.466875	2.0	39780	46299.460580825806
51	512	25.41035	4.0	39857	46344.48087596893
51	513	29.638304	4.0	39935	46389.24025082588
51	514	26.800234	1.0	40012	46434.10456156731
51	515	29.102499	4.0	40090	46479.3875105381
51	516	29.404345	2.0	40167	46523.864006757736
51	517	25.681074	1.0	40243	46568.091905117035
51	518	29.34682	0.0	40321	46613.595489025116
51	519	29.397282	2.0	40400	46659.68574953079
52	520	26.820095	1.0	40479	47067.985828876495
52	521	31.564379	4.0	40558	47114.83618617058
52	522	30.27366	2.0	40635	47159.75231575966
52	523	29.719711	2.0	40713	47205.010613918304
52	524	30.862335	5.0	40790	47250.157350063324
52	525	25.502386	4.0	40867	47295.54783987999
52	526	28.667526	1.0	40944	47341.14721083641
52	527	15.873216	5.0	41020	47385.77391767502
52	528	29.645197	3.0	41097	47430.41948699951
52	529	12.273414	0.0	41173	47474.480046749115
53	530	23.562763	3.0	41249	47916.166535139084
53	531	29.718136	2.0	41328	47963.094135284424
53	532	30.415476	0.0	41407	48010.58635044098
53	533	29.250189	0.0	41485	48058.03272795677
53	534	28.848913	4.0	41563	48104.81897687912
53	535	28.564943	0.0	41640	48152.35100483894
53	536	29.037783	1.0	41718	48200.0583190918
53	537	30.530334	0.0	41797	48247.170642614365
53	538	32.05214	0.0	41876	48294.96971130371
53	539	31.265379	8.0	41954	48342.604511499405
54	540	29.640863	6.0	42032	48739.717519044876
54	541	30.440428	1.0	42109	48786.45283412933
54	542	28.425772	7.0	42187	48832.78332686424
54	543	28.272478	5.0	42265	48880.912955760956
54	544	26.448586	0.0	42342	48927.633271455765
54	545	28.273218	3.0	42418	48974.40031123161
54	546	28.34942	5.0	42496	49020.92876315117
54	547	28.059774	0.0	42573	49065.58208298683
54	548	27.85089	5.0	42650	49110.67521262169
54	549	30.983698	6.0	42727	49155.299384355545
55	550	27.033342	2.0	42804	49628.76316404343
55	551	31.13545	2.0	42881	49676.6704621315
55	552	29.21934	0.0	42960	49726.04409456253
55	553	32.999016	2.0	43041	49774.90889596939
55	554	29.003569	2.0	43119	49823.63716816902
55	555	27.483978	1.0	43197	49871.92502474785
55	556	30.354507	0.0	43274	49918.048196554184
55	557	25.414822	0.0	43352	49966.79572343826
55	558	28.551878	8.0	43429	50015.59961271286
55	559	27.961508	5.0	43508	50065.13054537773
56	560	29.386177	4.0	43586	50553.37811303139
56	561	26.77559	1.0	43665	50601.61009287834
56	562	30.753473	6.0	43743	50648.51316714287
56	563	28.209904	2.0	43820	50695.913509845734
56	564	26.107714	1.0	43899	50744.47345328331
56	565	24.882679	1.0	43977	50791.19480252266
56	566	28.911444	3.0	44054	50839.297686338425
56	567	32.0352	2.0	44134	50888.95587968826
56	568	30.034292	0.0	44211	50936.76946306229
56	569	28.647406	1.0	44289	50984.27984833717
57	570	28.68339	1.0	44368	51477.98599815369
57	571	28.168066	0.0	44446	51523.78394293785
57	572	29.175755	2.0	44526	51570.443830013275
57	573	29.847635	2.0	44603	51616.59213638306
57	574	30.22835	0.0	44682	51663.66118526459
57	575	28.479055	1.0	44758	51708.97302484512
57	576	29.767263	0.0	44837	51759.079850912094
57	577	30.570944	5.0	44915	51806.307646751404
57	578	29.77876	0.0	44993	51853.508177518845
57	579	27.257467	2.0	45070	51897.8120675087
58	580	26.980673	3.0	45147	52321.21154284477
58	581	27.926228	2.0	45225	52365.86934018135
58	582	28.133991	2.0	45302	52410.82371258736
58	583	26.050352	2.0	45379	52455.202283620834
58	584	28.762733	4.0	45455	52499.136956214905
58	585	27.757126	2.0	45534	52544.74337506294
58	586	33.555748	0.0	45612	52589.19711589813
58	587	28.03071	0.0	45689	52633.106838941574
58	588	28.334131	1.0	45765	52678.13915133476
58	589	27.643618	5.0	45842	52722.82613825798
59	590	27.163748	0.0	45920	53128.491038799286
59	591	28.989565	1.0	45998	53173.81682753563
59	592	31.046139	1.0	46078	53220.435602903366
59	593	28.02446	1.0	46157	53266.655490875244
59	594	30.265236	0.0	46235	53314.1126806736
59	595	28.506588	7.0	46313	53361.17667603493
59	596	26.105059	4.0	46391	53407.56955242157
59	597	27.171446	1.0	46470	53455.256335020065
59	598	31.176113	2.0	46548	53502.25503659248
59	599	29.744139	3.0	46625	53548.82184743881
60	600	29.536915	3.0	46702	53962.38323068619
60	601	29.078146	0.0	46780	54009.381726026535
60	602	27.46409	3.0	46856	54054.39088201523
60	603	27.09071	1.0	46933	54100.86410355568
60	604	28.743696	0.0	47012	54147.03430867195
60	605	28.512157	2.0	47090	54195.036011219025
60	606	29.554947	3.0	47168	54243.52919244766
60	607	30.702446	3.0	47246	54293.41294693947
60	608	23.5028	0.0	47323	54341.785994529724
60	609	31.74625	0.0	47401	54389.131216049194
61	610	25.833063	7.0	47478	54819.16988015175
61	611	30.854252	1.0	47557	54868.688885211945
61	612	29.407764	0.0	47634	54916.16488265991
61	613	28.521975	4.0	47712	54964.73889541626
61	614	33.445427	0.0	47790	55015.04390001297
61	615	28.54561	5.0	47867	55065.38296675682
61	616	26.362803	1.0	47944	55114.18939399719
61	617	30.52162	2.0	48022	55160.50789761543
61	618	26.436804	11.0	48099	55207.76141190529
61	619	28.53741	2.0	48177	55254.76647233963
62	620	30.578848	9.0	48255	55714.65508747101
62	621	29.736668	0.0	48332	55761.06076359749
62	622	29.413195	1.0	48410	55808.5380730629
62	623	27.997616	5.0	48487	55855.58801960945
62	624	28.684202	4.0	48565	55902.6174492836
62	625	31.293192	0.0	48642	55947.517822265625
62	626	26.940636	0.0	48720	55994.49388718605
62	627	23.275244	2.0	48796	56040.670159339905
62	628	29.02249	1.0	48875	56090.039366960526
62	629	30.373503	4.0	48952	56137.3226017952
63	630	27.47834	8.0	49029	56705.887737989426
63	631	28.077194	4.0	49106	56754.57985973358
63	632	29.40784	0.0	49186	56803.69470334053
63	633	29.121775	0.0	49263	56851.49642801285
63	634	31.405397	8.0	49341	56900.19386267662
63	635	30.829258	0.0	49420	56951.177147865295
63	636	27.311577	1.0	49497	57000.818141937256
63	637	29.91273	3.0	49574	57050.25124454498
63	638	29.08706	3.0	49653	57098.47406601906
63	639	30.29028	3.0	49731	57148.46229791641
64	640	29.268148	1.0	49808	57625.03238916397
64	641	27.226473	4.0	49885	57672.47312784195
64	642	28.907963	3.0	49964	57719.471247434616
64	643	29.072935	2.0	50042	57764.84003210068
64	644	29.00117	7.0	50120	57810.50805425644
64	645	25.235039	0.0	50198	57857.47398209572
64	646	30.892862	0.0	50275	57903.68115901947
64	647	28.23649	2.0	50351	57948.530869960785
64	648	28.450245	2.0	50428	57995.91939496994
64	649	29.823484	0.0	50505	58044.23509788513
65	650	29.027416	5.0	50583	58678.48050045967
65	651	23.000662	4.0	50661	58727.0232937336
65	652	29.505781	3.0	50739	58774.46574926376
65	653	31.561127	1.0	50818	58822.8978266716
65	654	31.548569	2.0	50896	58870.74430847168
65	655	27.598774	0.0	50974	58919.99032974243
65	656	26.610762	6.0	51051	58968.85107421875
65	657	29.961329	6.0	51129	59018.47280406952
65	658	27.613703	1.0	51206	59067.768978595734
65	659	32.599365	0.0	51285	59118.4691991806
66	660	26.388268	1.0	51363	59638.91976976395
66	661	31.337786	3.0	51442	59689.048396110535
66	662	26.99885	4.0	51519	59737.026285886765
66	663	26.2243	0.0	51598	59786.29116487503
66	664	29.094507	1.0	51676	59835.54346847534
66	665	27.23495	0.0	51753	59885.0802218914
66	666	29.054611	1.0	51830	59935.70995736122
66	667	28.634823	1.0	51907	59984.79714632034
66	668	31.25908	6.0	51985	60034.58509063721
66	669	26.836905	3.0	52063	60083.52678799629
67	670	26.588367	2.0	52141	60636.4033036232
67	671	31.919794	1.0	52219	60684.43248486519
67	672	27.408789	1.0	52296	60731.7049973011
67	673	23.833057	7.0	52373	60778.80150961876
67	674	26.608131	2.0	52450	60825.26402807236
67	675	27.61259	5.0	52529	60871.53768372536
67	676	29.886906	3.0	52608	60918.57319712639
67	677	28.310774	3.0	52684	60964.70051908493
67	678	28.883753	0.0	52761	61011.02315759659
67	679	30.509953	0.0	52838	61059.50250649452
68	680	28.633606	0.0	52915	61535.62993431091
68	681	31.07566	1.0	52992	61582.52768087387
68	682	29.754208	5.0	53070	61630.38038420677
68	683	30.931118	3.0	53149	61679.13987350464
68	684	30.616146	0.0	53226	61725.42135763168
68	685	29.165785	2.0	53304	61773.96294951439
68	686	31.520876	0.0	53382	61821.849324941635
68	687	28.610867	4.0	53461	61870.557213783264
68	688	27.984245	4.0	53539	61917.501483917236
68	689	26.310247	4.0	53616	61962.10307383537
69	690	31.87664	3.0	53695	62605.724808216095
69	691	31.11106	0.0	53772	62652.6788957119
69	692	27.32037	2.0	53851	62699.65130472183
69	693	30.618109	11.0	53930	62747.50309562683
69	694	27.075466	9.0	54007	62793.77202939987
69	695	28.45842	2.0	54084	62839.65871691704
69	696	27.853508	4.0	54160	62885.498129844666
69	697	27.550674	3.0	54237	62931.70557522774
69	698	31.439175	1.0	54316	62978.3336482048
69	699	27.907417	5.0	54393	63024.61931228638
70	700	30.30873	0.0	54472	63553.95479989052
70	701	30.049654	4.0	54549	63602.64842224121
70	702	29.403753	2.0	54626	63649.88829112053
70	703	34.363358	1.0	54704	63698.55422568321
70	704	32.053562	4.0	54782	63747.8953294754
70	705	32.18353	0.0	54861	63796.81721639633
70	706	29.60625	1.0	54938	63845.80113577843
70	707	28.710684	2.0	55015	63893.41279864311
70	708	29.677368	1.0	55093	63943.40570807457
70	709	26.673979	2.0	55169	63990.90930557251
71	710	28.545622	5.0	55247	64570.48268508911
71	711	25.838646	6.0	55325	64618.086976766586
71	712	29.058723	3.0	55404	64665.76570391655
71	713	27.113232	0.0	55481	64712.2310090065
71	714	15.822141	4.0	55557	64759.148787260056
71	715	28.699764	2.0	55634	64806.089017152786
71	716	30.651764	2.0	55711	64854.01326394081
71	717	29.289087	4.0	55789	64901.32215356827
71	718	25.414984	1.0	55866	64949.7075612545
71	719	33.702988	0.0	55946	65000.48136329651
72	720	30.376026	0.0	56025	65518.71078133583
72	721	27.840765	5.0	56104	65567.99400162697
72	722	28.604908	5.0	56182	65616.26274132729
72	723	24.4301	8.0	56260	65664.83162140846
72	724	27.312119	2.0	56337	65712.58889102936
72	725	29.402344	4.0	56415	65760.09984230995
72	726	29.578959	3.0	56492	65806.3584382534
72	727	28.480656	4.0	56570	65851.05886340141
72	728	29.164282	1.0	56648	65898.14196705818
72	729	33.322414	7.0	56726	65945.56680250168
73	730	33.081944	4.0	56803	66858.52456474304
73	731	27.655197	3.0	56881	66910.97132706642
73	732	30.478882	0.0	56959	66962.2971997261
73	733	30.11363	8.0	57037	67012.8394522667
73	734	27.821457	3.0	57114	67062.99623823166
73	735	27.588848	6.0	57192	67111.71404194832
73	736	26.159012	4.0	57270	67160.16365408897
73	737	26.849434	9.0	57347	67208.83159780502
73	738	27.552423	4.0	57424	67256.75181102753
73	739	26.308306	4.0	57503	67302.29423618317
74	740	27.961584	1.0	57581	67811.76546025276
74	741	31.928913	6.0	57657	67859.64141154289
74	742	22.536676	6.0	57735	67910.28851151466
74	743	24.717604	2.0	57812	67959.02381825447
74	744	29.628088	5.0	57889	68009.11516976357
74	745	28.822094	2.0	57965	68056.49074411392
74	746	29.175148	0.0	58043	68105.30510234833
74	747	29.073057	0.0	58121	68154.43353056908
74	748	29.26788	1.0	58199	68203.8043320179
74	749	28.117939	3.0	58276	68252.3823826313
75	750	29.354946	2.0	58354	68777.5893728733
75	751	31.842457	2.0	58431	68825.22572946548
75	752	26.897686	0.0	58508	68875.34221577644
75	753	27.525566	2.0	58586	68924.75929188728
75	754	28.803144	3.0	58665	68972.1893146038
75	755	29.511066	3.0	58741	69017.5876955986
75	756	32.07349	15.0	58821	69067.26333260536
75	757	29.141918	4.0	58898	69115.62199878693
75	758	24.750143	1.0	58975	69164.09222269058
75	759	32.711834	5.0	59052	69214.03077149391
76	760	31.974928	3.0	59131	69811.20080566406
76	761	29.84186	3.0	59210	69861.53498530388
76	762	28.465385	6.0	59287	69912.17483973503
76	763	22.489483	10.0	59364	69962.76756072044
76	764	28.499453	0.0	59443	70013.66038036346
76	765	30.125942	4.0	59521	70063.70683336258
76	766	26.181622	0.0	59599	70114.50516009331
76	767	32.740795	2.0	59676	70163.12200951576
76	768	29.643719	2.0	59754	70213.6431441307
76	769	25.006327	4.0	59831	70263.49107480049
77	770	24.993292	7.0	59907	70787.9045586586
77	771	28.90492	4.0	59984	70836.19598126411
77	772	34.336796	2.0	60062	70885.95652151108
77	773	29.55329	0.0	60139	70934.21609854698
77	774	27.134693	4.0	60215	70982.02644944191
77	775	30.380707	0.0	60293	71030.03112006187
77	776	26.078657	1.0	60370	71077.65454554558
77	777	29.111687	8.0	60449	71127.45769572258
77	778	28.894518	2.0	60526	71177.28173065186
77	779	27.361355	11.0	60603	71227.96649456024
78	780	30.767477	3.0	60680	71919.36225056648
78	781	28.63573	1.0	60756	71968.09784245491
78	782	30.732374	7.0	60835	72017.41087436676
78	783	27.373484	5.0	60911	72062.52893948555
78	784	29.261465	3.0	60989	72108.4720697403
78	785	26.898018	3.0	61068	72156.80332970619
78	786	25.998295	7.0	61146	72204.91385626793
78	787	28.332054	0.0	61223	72253.12933850288
78	788	28.22436	0.0	61300	72300.89570689201
78	789	29.73859	2.0	61377	72348.7077922821
79	790	27.34803	0.0	61455	73081.82056188583
79	791	25.804388	1.0	61533	73130.07686495781
79	792	26.608315	2.0	61611	73179.75254940987
79	793	29.909872	1.0	61689	73230.04065465927
79	794	27.062084	3.0	61766	73279.94872903824
79	795	28.417728	6.0	61843	73329.84829711914
79	796	32.565933	6.0	61922	73378.26049661636
79	797	29.614214	4.0	61999	73424.49104046822
79	798	28.118422	1.0	62076	73471.9930422306
79	799	28.833015	7.0	62153	73519.74190759659
