Epoch	Episode	EpRet	EpCost	TotalEnvInteracts	Time
0	0	28.386091	0.0	77	1215.5899817943573
0	1	26.939869	0.0	155	1332.6618778705597
0	2	19.291864	0.0	233	1441.3796274662018
0	3	0.549637	0.0	308	1553.7265067100525
0	4	14.411516	0.0	384	1656.533854007721
0	5	0.5791108	0.0	459	1750.9860649108887
0	6	21.350819	0.0	537	1853.9494206905365
0	7	8.414176	1.0	613	1961.0321321487427
0	8	31.431845	0.0	691	2075.6108326911926
0	9	7.3705516	0.0	767	2190.1066238880157
1	10	0.51554036	0.0	842	2469.265282869339
1	11	18.579796	0.0	920	2593.284525156021
1	12	31.064323	0.0	999	2704.4848186969757
1	13	29.293776	0.0	1078	2819.813225746155
1	14	2.9967113	0.0	1153	2934.339024543762
1	15	28.049149	0.0	1232	3048.142370700836
1	16	2.1474667	0.0	1307	3143.834109067917
1	17	29.773106	0.0	1386	3264.304625272751
1	18	0.21787608	0.0	1461	3378.242664337158
1	19	27.604143	0.0	1540	3488.088488817215
2	20	27.636045	0.0	1616	3753.0716247558594
2	21	25.288887	1.0	1694	3863.304932117462
2	22	30.854006	0.0	1773	3980.7455377578735
2	23	32.30974	0.0	1852	4095.5799012184143
2	24	23.279146	0.0	1928	4209.894989013672
2	25	29.324404	0.0	2006	4317.941598415375
2	26	0.37736243	0.0	2081	4409.453246593475
2	27	33.47964	0.0	2160	4522.6247391700745
2	28	33.05073	0.0	2240	4639.816925525665
2	29	32.67944	0.0	2319	4761.842074871063
3	30	29.19926	0.0	2399	5033.7806231975555
3	31	5.8346233	0.0	2475	5145.81290602684
3	32	14.060085	0.0	2552	5259.883072376251
3	33	0.2989187	0.0	2627	5367.247115850449
3	34	16.233683	0.0	2704	5484.803141593933
3	35	30.971764	0.0	2785	5593.765295505524
3	36	29.644316	0.0	2864	5705.479737997055
3	37	29.02838	0.0	2942	5817.968800783157
3	38	30.891417	0.0	3020	5934.9817950725555
3	39	32.14037	0.0	3099	6048.435639381409
4	40	29.875687	0.0	3179	6339.03900718689
4	41	32.51605	0.0	3260	6457.661864757538
4	42	32.171604	0.0	3337	6568.210609674454
4	43	27.45326	0.0	3416	6677.33071231842
4	44	28.175802	0.0	3495	6791.341016769409
4	45	29.23458	0.0	3574	6904.578729152679
4	46	29.44885	0.0	3654	7017.769241333008
4	47	9.00487	0.0	3731	7125.627110958099
4	48	27.376926	0.0	3811	7233.880933761597
4	49	29.224049	0.0	3890	7351.930568218231
5	50	16.654776	4.0	3966	7615.903673887253
5	51	0.64165485	0.0	4041	7736.317733287811
5	52	30.854876	0.0	4119	7854.788835763931
5	53	26.202585	0.0	4197	7970.605895757675
5	54	27.682625	2.0	4276	8087.082135677338
5	55	12.855443	0.0	4353	8208.697438001633
5	56	32.33905	0.0	4434	8335.89793419838
5	57	0.53469795	0.0	4509	8438.908945322037
5	58	31.2968	0.0	4588	8548.761015892029
5	59	32.315987	0.0	4667	8661.434489488602
6	60	29.248959	0.0	4746	8954.623870372772
6	61	23.16116	0.0	4824	9070.817197084427
6	62	19.229641	0.0	4902	9182.435385227203
6	63	10.022249	0.0	4978	9289.47551393509
6	64	6.287634	0.0	5053	9396.092001914978
6	65	29.343325	0.0	5131	9501.965080976486
6	66	32.386097	0.0	5211	9619.972308158875
6	67	30.0395	0.0	5290	9745.620701551437
6	68	29.950455	0.0	5369	9872.98790860176
6	69	29.962822	0.0	5450	9999.578206777573
7	70	0.26523083	0.0	5525	10312.590882778168
7	71	31.994902	0.0	5605	10423.055529117584
7	72	29.003942	0.0	5685	10549.528568983078
7	73	28.65691	0.0	5762	10667.325404405594
7	74	30.14852	0.0	5840	10791.74743103981
7	75	33.404045	0.0	5920	10920.9027364254
7	76	6.692744	0.0	5996	11031.419035196304
7	77	31.728565	0.0	6075	11147.98861193657
7	78	32.56086	0.0	6153	11266.03937458992
7	79	32.83696	0.0	6231	11373.922400951385
8	80	30.075527	0.0	6308	11659.410951852798
8	81	32.086693	0.0	6387	11779.163095235825
8	82	32.885376	0.0	6466	11890.239964008331
8	83	31.90253	0.0	6546	12015.615602731705
8	84	0.22808746	0.0	6621	12124.423379659653
8	85	33.306717	0.0	6701	12232.856270074844
8	86	31.935703	0.0	6781	12342.807522296906
8	87	33.856506	0.0	6859	12467.128276109695
8	88	34.438526	0.0	6940	12585.53311920166
8	89	29.627974	0.0	7020	12709.56867647171
9	90	29.57843	0.0	7100	12978.875167131424
9	91	19.739134	0.0	7177	13086.421302318573
9	92	32.623756	0.0	7258	13200.367954730988
9	93	26.325392	0.0	7337	13327.236008882523
9	94	32.913307	0.0	7415	13443.600418806076
9	95	30.482513	0.0	7497	13564.60748410225
9	96	33.991207	0.0	7576	13675.263854026794
9	97	32.292095	0.0	7654	13792.545254468918
9	98	29.658772	0.0	7734	13914.090178966522
9	99	31.616762	0.0	7813	14037.571891784668
10	100	29.938826	0.0	7893	14314.240960597992
10	101	34.508705	0.0	7974	14436.383519411087
10	102	28.881447	0.0	8053	14556.46744298935
10	103	27.022228	0.0	8132	14674.023882389069
10	104	32.660908	0.0	8212	14790.556960821152
10	105	29.678503	0.0	8291	14911.014609098434
10	106	33.824696	0.0	8371	15022.126725196838
10	107	33.41432	0.0	8450	15141.389761924744
10	108	9.823441	0.0	8526	15251.277193069458
10	109	31.455801	0.0	8604	15366.042276382446
11	110	29.45197	0.0	8681	15679.445807933807
11	111	36.595566	0.0	8764	15807.612851381302
11	112	29.789288	0.0	8844	15938.030323028564
11	113	28.928085	0.0	8924	16065.337911605835
11	114	11.876478	0.0	9000	16175.503535270691
11	115	29.899506	0.0	9081	16285.914993047714
11	116	25.005001	0.0	9160	16390.435133695602
11	117	30.50381	0.0	9239	16504.47769999504
11	118	21.980495	0.0	9318	16603.98904490471
11	119	32.15455	0.0	9397	16710.251519680023
12	120	28.32038	0.0	9476	17009.694319725037
12	121	29.737535	0.0	9554	17128.089488506317
12	122	10.790498	0.0	9631	17242.664595127106
12	123	31.559023	1.0	9709	17356.978734254837
12	124	30.50014	0.0	9787	17477.45662713051
12	125	28.256865	0.0	9867	17605.118765830994
12	126	32.211456	0.0	9948	17730.400532484055
12	127	30.819904	0.0	10027	17853.614592552185
12	128	29.354923	0.0	10106	17967.47065758705
12	129	31.953081	0.0	10185	18077.479794740677
13	130	2.1761215	0.0	10261	18356.288648605347
13	131	24.70636	0.0	10339	18481.22116780281
13	132	28.91556	0.0	10420	18605.76221036911
13	133	29.345798	0.0	10499	18728.760810375214
13	134	28.241987	0.0	10575	18841.089641332626
13	135	22.389795	2.0	10653	18956.57447743416
13	136	31.070042	0.0	10733	19081.557330608368
13	137	30.948689	0.0	10813	19205.96023750305
13	138	26.262854	0.0	10892	19316.929886341095
13	139	25.629942	0.0	10971	19426.692676782608
14	140	30.637554	0.0	11050	19716.02344894409
14	141	30.045134	0.0	11130	19837.393049001694
14	142	27.445784	0.0	11208	19948.221141815186
14	143	29.436844	0.0	11288	20062.43635749817
14	144	17.086422	0.0	11366	20173.67115545273
14	145	12.293795	2.0	11442	20285.264914035797
14	146	2.419266	0.0	11517	20384.292885303497
14	147	28.860043	0.0	11595	20496.887041330338
14	148	33.020683	0.0	11675	20607.100056409836
14	149	25.086788	0.0	11754	20718.848629951477
15	150	31.090864	0.0	11832	21038.24217057228
15	151	32.527374	0.0	11911	21143.78324532509
15	152	29.34511	0.0	11989	21256.131495714188
15	153	25.368464	0.0	12068	21368.46006512642
15	154	30.444725	0.0	12149	21485.352221012115
15	155	32.25931	0.0	12228	21600.38360452652
15	156	30.528904	0.0	12308	21726.123396396637
15	157	32.72773	0.0	12386	21848.841587543488
15	158	5.5538716	0.0	12462	21955.30736398697
15	159	27.927538	0.0	12543	22064.56284928322
16	160	3.353114	0.0	12618	22420.347040891647
16	161	27.51732	0.0	12696	22541.427640914917
16	162	27.818874	0.0	12773	22658.052300453186
16	163	32.444126	0.0	12852	22777.90881872177
16	164	16.424717	0.0	12929	22889.64364552498
16	165	22.523043	0.0	13006	23002.102603912354
16	166	28.257183	0.0	13085	23126.021017551422
16	167	2.5346475	0.0	13161	23248.7349755764
16	168	30.262556	0.0	13240	23378.89532804489
16	169	30.725765	0.0	13319	23491.7420668602
17	170	29.866365	0.0	13399	23779.738008260727
17	171	24.687876	0.0	13478	23894.49667406082
17	172	29.528032	0.0	13559	24009.165204763412
17	173	19.103306	0.0	13636	24126.93835258484
17	174	31.600134	0.0	13716	24240.87041902542
17	175	33.074516	0.0	13794	24350.56549024582
17	176	26.627739	0.0	13873	24467.250552415848
17	177	15.375601	0.0	13950	24583.294713258743
17	178	31.111185	0.0	14030	24694.990330934525
17	179	0.28454277	0.0	14105	24806.792440652847
18	180	31.647274	0.0	14184	25094.456414937973
18	181	30.45909	0.0	14263	25216.46285700798
18	182	33.28745	0.0	14343	25342.424648046494
18	183	30.474806	0.0	14421	25463.866604566574
18	184	32.09808	0.0	14501	25588.653856039047
18	185	32.126842	0.0	14580	25709.351684570312
18	186	31.591345	0.0	14658	25828.935413360596
18	187	28.988882	0.0	14737	25954.30480003357
18	188	27.284798	0.0	14816	26082.705094337463
18	189	3.26976	0.0	14892	26198.80353951454
19	190	27.337755	0.0	14971	26534.79235816002
19	191	21.47418	0.0	15049	26652.1811337471
19	192	32.57301	0.0	15127	26763.439888238907
19	193	29.338484	0.0	15207	26875.054086446762
19	194	31.530867	0.0	15286	26981.949071407318
19	195	0.28431395	0.0	15361	27077.078889131546
19	196	32.339397	0.0	15441	27193.405430316925
19	197	31.711533	0.0	15520	27300.870578289032
19	198	27.940994	0.0	15599	27415.273616075516
19	199	34.329094	0.0	15680	27536.956729650497
20	200	20.463575	0.0	15757	27863.133758544922
20	201	8.384392	3.0	15833	27989.4880797863
20	202	33.308594	0.0	15913	28106.6354906559
20	203	26.940624	0.0	15989	28222.536116838455
20	204	29.16427	0.0	16067	28342.564567804337
20	205	28.356998	0.0	16146	28461.05287027359
20	206	23.683037	0.0	16224	28576.813348054886
20	207	0.86478305	0.0	16299	28682.18256020546
20	208	30.154778	0.0	16379	28800.150876522064
20	209	18.586172	0.0	16457	28911.11910176277
21	210	30.55436	0.0	16535	29200.295214176178
21	211	11.80085	0.0	16612	29328.909724235535
21	212	31.637976	0.0	16691	29452.724588394165
21	213	33.199997	0.0	16770	29571.457825899124
21	214	31.676086	0.0	16852	29700.704517126083
21	215	5.6216774	2.0	16928	29827.539957523346
21	216	32.77872	0.0	17006	29944.26543045044
21	217	28.988102	0.0	17085	30060.79689002037
21	218	0.34877756	0.0	17160	30157.039481401443
21	219	31.659578	0.0	17240	30272.054278612137
22	220	35.269478	0.0	17319	30587.708404541016
22	221	31.542856	0.0	17398	30715.29279398918
22	222	30.199293	0.0	17477	30839.977199554443
22	223	12.261256	0.0	17554	30953.66295361519
22	224	29.022215	0.0	17634	31080.087907791138
22	225	6.747694	0.0	17710	31190.293728351593
22	226	31.140102	0.0	17789	31314.043746948242
22	227	29.61954	0.0	17867	31435.033316612244
22	228	33.383495	0.0	17945	31546.114099502563
22	229	31.59719	0.0	18023	31660.134264707565
23	230	30.79344	0.0	18102	31974.15850377083
23	231	34.771683	0.0	18180	32093.219675064087
23	232	20.091566	0.0	18258	32213.78576350212
23	233	26.115602	0.0	18337	32329.26770567894
23	234	32.035378	0.0	18417	32459.68627166748
23	235	32.950733	0.0	18498	32589.732650518417
23	236	28.813892	0.0	18578	32714.794939041138
23	237	26.433254	0.0	18657	32839.6324365139
23	238	31.592485	0.0	18736	32957.27972173691
23	239	30.868736	0.0	18816	33070.496000528336
24	240	31.170992	0.0	18894	33366.01504158974
24	241	34.365948	0.0	18974	33480.10335445404
24	242	27.556452	1.0	19052	33589.566179037094
24	243	8.894138	0.0	19129	33700.85184574127
24	244	24.929438	3.0	19208	33815.24012351036
24	245	30.94488	0.0	19288	33939.25722408295
24	246	29.858568	0.0	19366	34050.78850507736
24	247	29.441448	0.0	19447	34161.61266994476
24	248	31.139542	1.0	19526	34276.679127931595
24	249	31.055862	0.0	19605	34393.02141571045
25	250	24.997526	0.0	19685	34680.8541033268
25	251	31.56751	0.0	19764	34809.353128671646
25	252	35.258896	0.0	19842	34938.96467399597
25	253	30.209455	0.0	19921	35055.19540691376
25	254	26.68048	0.0	19999	35167.26588320732
25	255	31.242723	0.0	20077	35284.53647565842
25	256	29.137846	0.0	20157	35391.96280288696
25	257	30.580717	0.0	20237	35501.761510849
25	258	30.857437	0.0	20316	35617.54225850105
25	259	14.906725	0.0	20394	35722.802471637726
26	260	32.520786	0.0	20474	36037.78089594841
26	261	29.317402	0.0	20553	36163.95699810982
26	262	32.16038	0.0	20631	36281.715970516205
26	263	15.863398	6.0	20708	36400.42044186592
26	264	33.49742	0.0	20788	36528.692103385925
26	265	30.42565	0.0	20868	36653.759853839874
26	266	34.31196	0.0	20947	36761.30709385872
26	267	32.27433	0.0	21026	36874.58947825432
26	268	23.997448	0.0	21105	36990.46608543396
26	269	21.194736	0.0	21183	37100.21635508537
27	270	33.616436	0.0	21262	37411.70910978317
27	271	30.342793	0.0	21342	37535.04786467552
27	272	28.74667	0.0	21420	37651.97338318825
27	273	31.34644	0.0	21500	37774.414605379105
27	274	34.337517	0.0	21582	37902.599440574646
27	275	32.48863	0.0	21663	38018.003809928894
27	276	29.706009	0.0	21742	38125.89219212532
27	277	32.81365	0.0	21820	38237.92304468155
27	278	30.560383	0.0	21899	38348.57046341896
27	279	27.525778	0.0	21978	38464.47641468048
28	280	30.557587	0.0	22057	38782.389842033386
28	281	28.165062	0.0	22135	38902.0285153389
28	282	33.381138	0.0	22214	39016.49618721008
28	283	27.643547	0.0	22291	39126.082941532135
28	284	33.55832	0.0	22371	39255.696014642715
28	285	31.204407	1.0	22449	39376.86632704735
28	286	13.578669	0.0	22526	39483.1598842144
28	287	30.16186	0.0	22604	39601.71621847153
28	288	29.80305	0.0	22684	39725.589413166046
28	289	25.810064	2.0	22761	39832.037690877914
29	290	33.126076	0.0	22841	40140.060557842255
29	291	32.011887	0.0	22920	40263.418860435486
29	292	35.28476	0.0	23000	40389.22545647621
29	293	22.862955	0.0	23078	40511.54295682907
29	294	29.123684	0.0	23156	40623.831995010376
29	295	30.882534	3.0	23234	40745.57555246353
29	296	22.568394	0.0	23313	40866.61661410332
29	297	31.42043	0.0	23394	40981.62710881233
29	298	31.875067	0.0	23473	41084.02189016342
29	299	28.461206	0.0	23553	41199.03786730766
30	300	23.61039	0.0	23633	41487.98630452156
30	301	30.056639	0.0	23713	41600.60325717926
30	302	31.695763	2.0	23793	41716.951657772064
30	303	30.190676	0.0	23873	41835.94107365608
30	304	9.543072	0.0	23949	41960.76905488968
30	305	32.95392	0.0	24029	42070.75811648369
30	306	32.60923	0.0	24109	42179.9814221859
30	307	29.729229	0.0	24188	42287.151163339615
30	308	30.736748	0.0	24267	42405.4954662323
30	309	24.550161	2.0	24345	42521.207324028015
31	310	20.748022	0.0	24423	42843.5757496357
31	311	11.935795	0.0	24500	42958.72322368622
31	312	31.536434	0.0	24580	43071.40550684929
31	313	32.213238	0.0	24659	43184.76615023613
31	314	32.30068	0.0	24737	43296.31657242775
31	315	33.240158	0.0	24816	43406.20428943634
31	316	18.365738	0.0	24894	43511.98491740227
31	317	33.203663	0.0	24973	43631.212831258774
31	318	33.194756	0.0	25051	43755.613015174866
31	319	34.4485	0.0	25131	43872.68417882919
32	320	30.507887	0.0	25211	44193.43511557579
32	321	32.54546	0.0	25289	44314.82631134987
32	322	30.458603	0.0	25367	44429.06204676628
32	323	28.31942	0.0	25447	44549.81775069237
32	324	33.990433	0.0	25527	44663.305571079254
32	325	32.589897	0.0	25606	44780.57670068741
32	326	31.746626	0.0	25685	44894.99181294441
32	327	30.184467	0.0	25764	45008.395231962204
32	328	31.30079	0.0	25843	45117.546414375305
32	329	33.096737	0.0	25924	45236.13055872917
33	330	34.041122	0.0	26004	45579.97334241867
33	331	29.993086	0.0	26083	45704.93204498291
33	332	31.697948	0.0	26163	45819.22067737579
33	333	29.112564	0.0	26243	45932.676689863205
33	334	29.053009	0.0	26322	46049.73250889778
33	335	32.57477	1.0	26402	46162.61231446266
33	336	30.625061	0.0	26480	46269.81275320053
33	337	17.160585	0.0	26558	46376.54186415672
33	338	4.242173	0.0	26634	46486.70092725754
33	339	30.666687	0.0	26713	46599.424755334854
34	340	28.256691	0.0	26792	46897.68775868416
34	341	30.293264	0.0	26870	47008.2006611824
34	342	30.200136	0.0	26948	47126.22178220749
34	343	30.46401	1.0	27026	47238.3835504055
34	344	31.726618	0.0	27105	47355.06389760971
34	345	33.65202	0.0	27185	47474.747035741806
34	346	36.91503	0.0	27264	47602.4585313797
34	347	27.739855	0.0	27343	47715.20186448097
34	348	33.325344	0.0	27422	47834.22753953934
34	349	29.971071	0.0	27500	47944.439463377
35	350	31.1207	0.0	27579	48293.583398103714
35	351	30.343576	0.0	27657	48408.3563079834
35	352	32.13143	0.0	27736	48522.449647665024
35	353	31.509365	0.0	27815	48643.39336872101
35	354	30.872826	0.0	27896	48762.988775253296
35	355	29.630547	0.0	27974	48871.57238793373
35	356	27.667484	1.0	28053	48981.775763988495
35	357	30.455679	0.0	28132	49093.76776647568
35	358	28.563913	0.0	28211	49207.88464426994
35	359	32.76699	0.0	28289	49331.106016397476
36	360	28.074158	0.0	28368	49724.65351843834
36	361	34.369884	0.0	28447	49857.954327344894
36	362	6.558432	0.0	28524	49978.583510160446
36	363	33.518948	0.0	28603	50093.85345244408
36	364	30.361036	0.0	28684	50205.75036025047
36	365	29.608564	0.0	28765	50332.421461343765
36	366	30.102299	0.0	28845	50458.53061914444
36	367	0.054721322	0.0	28920	50566.20132946968
36	368	0.5142993	0.0	28995	50686.95600438118
36	369	26.771864	0.0	29075	50806.20137166977
37	370	28.890936	0.0	29154	51110.96437072754
37	371	22.417648	0.0	29233	51238.2060418129
37	372	32.525135	0.0	29312	51359.00071525574
37	373	33.065865	0.0	29391	51473.80858206749
37	374	33.825523	0.0	29472	51578.49612855911
37	375	3.8419719	0.0	29547	51687.49890565872
37	376	28.446512	0.0	29627	51792.079741477966
37	377	25.538084	0.0	29706	51896.63683128357
37	378	31.800388	0.0	29786	52009.00126028061
37	379	24.215822	0.0	29866	52124.99633002281
38	380	28.058125	0.0	29944	52485.88715958595
38	381	34.93251	0.0	30025	52607.3891813755
38	382	30.00996	0.0	30103	52725.50082349777
38	383	32.591736	0.0	30184	52856.020117759705
38	384	28.01728	0.0	30262	52965.50308465958
38	385	30.03418	0.0	30340	53083.742478609085
38	386	22.925133	0.0	30418	53204.46526169777
38	387	27.596437	1.0	30498	53325.68869519234
38	388	31.125027	0.0	30577	53437.8490691185
38	389	22.461716	0.0	30655	53556.52217578888
39	390	30.354292	0.0	30736	53905.50332427025
39	391	33.086563	0.0	30816	54027.30347776413
39	392	29.275694	0.0	30895	54150.53694438934
39	393	31.83057	0.0	30975	54276.06632065773
39	394	31.416735	0.0	31055	54396.926151037216
39	395	17.91438	0.0	31133	54507.19375395775
39	396	33.693874	0.0	31212	54625.98371767998
39	397	32.982452	0.0	31292	54745.431951999664
39	398	31.808657	0.0	31373	54872.16514468193
39	399	33.912987	0.0	31452	54994.81766247749
40	400	31.573917	0.0	31531	55309.98930191994
40	401	28.885738	0.0	31610	55417.718333244324
40	402	33.658165	0.0	31691	55535.66316819191
40	403	33.94186	0.0	31770	55651.95686721802
40	404	31.776476	0.0	31849	55774.546961545944
40	405	28.707447	0.0	31928	55889.237708330154
40	406	11.125892	1.0	32006	56014.18538093567
40	407	35.091354	0.0	32088	56141.202934741974
40	408	32.763416	0.0	32167	56270.180648326874
40	409	28.86891	0.0	32247	56398.96237325668
41	410	15.269602	0.0	32325	56913.038751363754
41	411	11.141633	0.0	32402	57031.45253777504
41	412	18.769957	0.0	32479	57146.12911891937
41	413	12.8990755	1.0	32554	57260.75026893616
41	414	10.461815	0.0	32630	57376.98714375496
41	415	24.95031	0.0	32709	57489.900598526
41	416	24.977144	0.0	32788	57603.22217798233
41	417	26.145985	0.0	32867	57718.56771731377
41	418	0.1968219	0.0	32942	57836.78742694855
41	419	3.2990186	0.0	33018	57956.4066362381
42	420	30.88747	0.0	33096	58275.485691308975
42	421	33.82306	0.0	33175	58390.02965211868
42	422	33.998905	0.0	33253	58512.12785363197
42	423	28.43634	0.0	33334	58631.54315114021
42	424	31.05103	0.0	33412	58748.067101955414
42	425	31.41436	0.0	33492	58856.15617489815
42	426	16.400497	0.0	33570	58966.904190301895
42	427	30.040897	0.0	33649	59081.62776660919
42	428	31.586536	0.0	33728	59183.70589137077
42	429	14.025464	0.0	33804	59295.2026321888
43	430	26.451788	0.0	33883	59642.492439985275
43	431	0.39382464	10.0	33958	59763.800208091736
43	432	30.505802	0.0	34036	59882.4279127121
43	433	31.275738	0.0	34116	59995.082614183426
43	434	32.851074	0.0	34196	60111.8274834156
43	435	31.840918	0.0	34275	60230.868357896805
43	436	33.55822	0.0	34353	60346.772186517715
43	437	21.800741	0.0	34431	60464.395869493484
43	438	30.729996	0.0	34510	60583.20411944389
43	439	32.153107	0.0	34589	60704.74275493622
44	440	28.568785	0.0	34668	61036.74676036835
44	441	5.6120677	0.0	34744	61164.11727619171
44	442	29.961636	0.0	34824	61290.350796699524
44	443	27.435905	0.0	34901	61406.81178069115
44	444	0.6355041	0.0	34976	61516.212787389755
44	445	33.4617	0.0	35055	61642.47015452385
44	446	5.6798606	0.0	35131	61759.83553290367
44	447	33.013268	0.0	35210	61885.17076277733
44	448	29.544899	0.0	35288	62005.473918676376
44	449	27.617771	0.0	35368	62125.088743925095
45	450	2.7225738	0.0	35444	62459.12967658043
45	451	0.53797406	0.0	35519	62578.43680143356
45	452	30.662642	0.0	35598	62695.97956228256
45	453	33.277267	0.0	35678	62820.30447244644
45	454	29.646467	0.0	35758	62944.447288274765
45	455	8.719292	0.0	35834	63054.86416745186
45	456	27.524948	0.0	35913	63173.15249323845
45	457	29.49911	0.0	35993	63295.32804059982
45	458	33.05697	0.0	36074	63425.12132024765
45	459	31.69048	0.0	36154	63543.35846567154
46	460	32.779568	0.0	36232	63907.39071893692
46	461	31.751345	0.0	36311	64036.82972717285
46	462	32.459843	0.0	36391	64161.153259277344
46	463	31.862278	0.0	36471	64291.10152721405
46	464	28.84417	0.0	36551	64411.018553733826
46	465	25.448965	0.0	36629	64536.80231308937
46	466	29.849411	0.0	36707	64664.700010061264
46	467	35.86525	0.0	36784	64781.12499976158
46	468	35.003716	0.0	36864	64896.627409935
46	469	33.99502	0.0	36945	65012.12459039688
47	470	33.01986	0.0	37023	65324.91600036621
47	471	30.910286	0.0	37104	65439.00875496864
47	472	32.338764	0.0	37184	65550.39490795135
47	473	8.23072	0.0	37260	65660.8695089817
47	474	3.8576863	0.0	37335	65774.05998063087
47	475	28.525866	0.0	37414	65894.77459430695
47	476	4.001772	0.0	37490	66005.91809153557
47	477	8.935337	0.0	37565	66120.02240562439
47	478	35.37692	0.0	37646	66236.75485301018
47	479	4.7478814	0.0	37722	66349.40100073814
48	480	19.342846	0.0	37800	66689.7037320137
48	481	4.626557	0.0	37875	66802.96227097511
48	482	31.435875	0.0	37952	66924.34868240356
48	483	34.088253	0.0	38032	67042.79276418686
48	484	29.409632	0.0	38112	67169.57232642174
48	485	23.816776	0.0	38190	67299.23266291618
48	486	6.458622	0.0	38266	67423.28886389732
48	487	12.278384	0.0	38343	67534.74780869484
48	488	32.19887	0.0	38422	67649.6362156868
48	489	10.882744	0.0	38498	67759.73536467552
49	490	31.930027	0.0	38578	68107.09835386276
49	491	2.1437848	0.0	38653	68228.18137168884
49	492	33.63076	0.0	38731	68349.45644044876
49	493	32.944893	0.0	38809	68469.99042439461
49	494	29.106392	0.0	38888	68597.57095503807
49	495	31.464722	0.0	38966	68719.6302921772
49	496	27.300028	0.0	39046	68846.39999103546
49	497	30.582525	0.0	39125	68964.62963438034
49	498	28.304033	0.0	39204	69079.15215849876
49	499	28.969872	0.0	39282	69196.12761998177
50	500	0.43769157	0.0	39357	69518.98657441139
50	501	32.65414	0.0	39436	69644.55741858482
50	502	35.216198	0.0	39515	69770.8845744133
50	503	32.043247	0.0	39595	69890.77647566795
50	504	32.540337	0.0	39674	70019.303565979
50	505	32.259064	0.0	39754	70141.77226305008
50	506	30.650057	0.0	39833	70261.26265025139
50	507	28.05686	0.0	39913	70377.60053992271
50	508	31.197126	0.0	39992	70486.87575674057
50	509	28.060568	0.0	40073	70611.17451047897
51	510	21.134167	0.0	40151	70923.92454624176
51	511	30.664915	0.0	40231	71046.92330384254
51	512	32.043076	0.0	40310	71167.16329312325
51	513	31.567665	0.0	40388	71279.2644314766
51	514	31.87874	0.0	40466	71402.45205163956
51	515	10.5327	0.0	40542	71518.57156920433
51	516	29.70212	0.0	40621	71636.89967250824
51	517	29.672607	0.0	40700	71756.77710151672
51	518	32.606903	0.0	40780	71880.43346333504
51	519	30.324524	0.0	40859	71999.40387105942
52	520	27.932848	0.0	40938	72314.48425889015
52	521	28.115835	0.0	41018	72438.19726800919
52	522	32.57257	0.0	41098	72556.759496212
52	523	31.493958	0.0	41178	72679.25614190102
52	524	8.504512	1.0	41254	72797.28965616226
52	525	32.71366	0.0	41334	72925.24082493782
52	526	30.625711	0.0	41413	73043.22832608223
52	527	30.725052	0.0	41494	73168.58738350868
52	528	0.3928541	0.0	41569	73292.63390803337
52	529	30.144625	0.0	41647	73402.8566224575
53	530	31.766592	0.0	41726	73801.39975714684
53	531	10.556497	0.0	41803	73916.34164834023
53	532	0.7683382	0.0	41878	74033.56309485435
53	533	24.434465	0.0	41956	74146.33451151848
53	534	35.219418	0.0	42035	74254.37777209282
53	535	4.6535683	0.0	42111	74365.3815407753
53	536	20.625614	0.0	42188	74483.53334212303
53	537	17.106787	0.0	42265	74587.0546886921
53	538	30.349142	0.0	42343	74701.95013308525
53	539	24.12923	0.0	42422	74814.45787644386
54	540	9.671367	0.0	42498	75151.56378293037
54	541	30.598652	1.0	42576	75271.46682548523
54	542	29.86122	0.0	42655	75392.76399326324
54	543	31.653915	0.0	42735	75507.84662485123
54	544	3.131362	0.0	42811	75620.36183071136
54	545	31.460428	0.0	42890	75731.17648172379
54	546	28.058372	0.0	42968	75843.08989167213
54	547	32.778843	0.0	43047	75950.7596271038
54	548	25.381882	0.0	43125	76057.87796521187
54	549	31.039043	0.0	43205	76173.38548493385
55	550	23.409945	0.0	43284	76492.02892661095
55	551	20.807983	1.0	43362	76614.41898941994
55	552	28.841394	0.0	43440	76732.98639464378
55	553	24.69791	0.0	43517	76842.35939669609
55	554	29.304832	0.0	43596	76957.1989197731
55	555	31.899101	0.0	43677	77078.96101856232
55	556	31.787468	0.0	43756	77195.2237625122
55	557	29.409515	0.0	43835	77315.33014965057
55	558	28.458422	0.0	43914	77433.72221159935
55	559	33.04848	0.0	43994	77547.0319480896
56	560	25.477335	0.0	44073	77902.57174873352
56	561	31.13127	0.0	44152	78018.08210778236
56	562	28.69898	0.0	44230	78131.59478402138
56	563	0.62123495	0.0	44305	78239.19224381447
56	564	31.534739	0.0	44386	78353.2268550396
56	565	0.3264617	0.0	44461	78470.6075963974
56	566	0.66907257	0.0	44536	78590.90698957443
56	567	32.868263	0.0	44616	78706.60850906372
56	568	20.987423	0.0	44693	78815.33309793472
56	569	28.178856	0.0	44772	78931.10019731522
57	570	29.102322	0.0	44853	79274.05786013603
57	571	16.608936	0.0	44930	79378.79957914352
57	572	33.37917	0.0	45009	79505.13178372383
57	573	27.479368	1.0	45089	79635.31184267998
57	574	30.90241	0.0	45170	79749.18027639389
57	575	33.946953	0.0	45249	79864.84366774559
57	576	36.42793	0.0	45329	79977.12830042839
57	577	17.024494	0.0	45406	80096.58586192131
57	578	23.962486	1.0	45483	80214.7970893383
57	579	30.185284	0.0	45562	80333.7357366085
58	580	32.49687	0.0	45641	80680.63882088661
58	581	30.840694	0.0	45721	80800.36425757408
58	582	34.66967	0.0	45799	80920.95066356659
58	583	33.837738	0.0	45880	81043.21946024895
58	584	32.00843	0.0	45959	81163.34012293816
58	585	10.5768175	0.0	46036	81269.39806437492
58	586	26.875786	0.0	46115	81387.67271733284
58	587	32.238064	0.0	46194	81513.53415894508
58	588	34.28396	0.0	46274	81641.75312280655
58	589	31.971811	0.0	46352	81769.99112606049
59	590	27.221643	0.0	46430	82091.18747782707
59	591	31.241386	0.0	46509	82213.94522023201
59	592	29.39926	0.0	46589	82337.03325867653
59	593	27.395885	0.0	46667	82460.02769899368
59	594	33.30478	0.0	46748	82568.97926354408
59	595	15.538578	0.0	46825	82679.69512057304
59	596	27.205849	1.0	46904	82795.634111166
59	597	29.524258	0.0	46983	82920.75127577782
59	598	32.877132	0.0	47065	83040.32902979851
59	599	29.943369	0.0	47144	83163.49277091026
60	600	32.396244	0.0	47222	83519.46151518822
60	601	14.137865	0.0	47298	83641.30991530418
60	602	8.683893	0.0	47374	83756.6943795681
60	603	0.15689564	1.0	47449	83883.9443757534
60	604	31.348257	0.0	47529	83998.91871881485
60	605	31.575306	2.0	47609	84120.33415532112
60	606	31.012022	0.0	47687	84235.77564954758
60	607	1.056479	0.0	47762	84353.82894301414
60	608	29.137959	0.0	47841	84471.23957014084
60	609	28.863949	0.0	47919	84584.19528770447
61	610	0.56169546	0.0	47994	84941.81102657318
61	611	31.40571	0.0	48075	85073.11308979988
61	612	12.216053	0.0	48152	85187.54505324364
61	613	31.422634	0.0	48232	85306.12207055092
61	614	24.236465	0.0	48311	85418.15278124809
61	615	5.2618313	0.0	48387	85528.26457977295
61	616	34.64203	0.0	48465	85642.46423435211
61	617	29.689152	0.0	48543	85760.66983103752
61	618	12.841226	0.0	48621	85882.873285532
61	619	28.424387	0.0	48700	86001.33376097679
62	620	27.736305	0.0	48779	86352.91083931923
62	621	31.370329	0.0	48856	86469.41940379143
62	622	32.864147	0.0	48935	86581.64779615402
62	623	26.579231	0.0	49013	86694.76495146751
62	624	34.930256	0.0	49092	86813.78789234161
62	625	28.030859	0.0	49171	86932.3530702591
62	626	19.97596	0.0	49248	87049.17497038841
62	627	37.33262	0.0	49328	87173.09623146057
62	628	25.647392	0.0	49406	87286.06317543983
62	629	9.340836	0.0	49482	87402.56400823593
63	630	29.126059	0.0	49561	87752.24307012558
63	631	32.920277	0.0	49642	87885.26339435577
63	632	34.731995	0.0	49723	88017.36096286774
63	633	28.567625	0.0	49803	88131.94138169289
63	634	33.177372	0.0	49884	88250.7763736248
63	635	32.381493	0.0	49965	88370.3115940094
63	636	31.385414	0.0	50046	88487.46186685562
63	637	35.073586	0.0	50127	88597.70884084702
63	638	32.521786	0.0	50207	88713.58527851105
63	639	30.72829	0.0	50287	88835.34015154839
64	640	28.603148	0.0	50366	89177.96845817566
64	641	29.789404	0.0	50444	89306.95963335037
64	642	36.47559	1.0	50524	89427.6689453125
64	643	6.4982114	0.0	50600	89553.10287976265
64	644	26.20306	0.0	50680	89679.03211045265
64	645	33.070454	0.0	50759	89807.97645974159
64	646	31.928537	0.0	50838	89937.95138525963
64	647	30.524504	0.0	50918	90069.8895509243
64	648	33.1664	0.0	50997	90187.31704473495
64	649	0.647971	0.0	51072	90298.85949397087
65	650	28.385962	0.0	51150	90642.2203233242
65	651	29.91079	0.0	51229	90766.31432557106
65	652	29.901205	0.0	51308	90893.90397047997
65	653	24.94481	0.0	51387	91023.70015788078
65	654	28.76526	0.0	51466	91148.33753299713
65	655	23.61052	0.0	51546	91281.63159966469
65	656	25.165607	0.0	51624	91406.0729238987
65	657	31.580837	0.0	51704	91528.88438534737
65	658	27.740084	0.0	51781	91650.45170640945
65	659	22.904348	0.0	51860	91781.78578996658
66	660	32.55702	0.0	51939	92175.44777345657
66	661	34.327938	0.0	52019	92292.3841984272
66	662	32.506493	0.0	52099	92417.14604735374
66	663	30.035645	0.0	52178	92535.62551546097
66	664	32.75062	0.0	52257	92649.20005512238
66	665	31.391863	0.0	52337	92777.63900446892
66	666	32.051228	0.0	52417	92905.84135842323
66	667	19.758615	0.0	52495	93031.7244925499
66	668	27.880102	0.0	52574	93158.19591856003
66	669	34.43994	0.0	52655	93286.7973742485
67	670	33.07855	0.0	52736	93646.01425909996
67	671	32.55688	0.0	52818	93776.02154254913
67	672	33.556713	0.0	52898	93900.43030166626
67	673	30.69097	0.0	52979	94012.1818151474
67	674	30.949717	0.0	53058	94130.05908608437
67	675	33.175293	0.0	53140	94248.14027833939
67	676	30.657263	0.0	53220	94377.32696127892
67	677	28.067692	0.0	53300	94508.51646351814
67	678	31.26789	0.0	53378	94639.39816498756
67	679	9.104235	0.0	53455	94769.59829449654
68	680	31.46908	0.0	53534	95157.07367873192
68	681	27.122654	0.0	53613	95284.39885759354
68	682	29.224485	0.0	53693	95407.89728498459
68	683	29.186897	0.0	53769	95533.4698998928
68	684	29.994673	0.0	53850	95659.27871155739
68	685	26.940235	0.0	53927	95782.9170935154
68	686	11.467578	0.0	54003	95900.07916045189
68	687	21.551996	1.0	54080	96017.21636223793
68	688	30.350023	0.0	54160	96136.31626367569
68	689	30.714144	0.0	54240	96259.42845702171
69	690	31.006334	0.0	54320	96632.36379957199
69	691	31.286541	0.0	54398	96750.20044636726
69	692	30.482916	0.0	54476	96868.59374189377
69	693	30.723877	0.0	54557	96992.12997555733
69	694	5.7413545	0.0	54633	97106.021266222
69	695	33.27773	0.0	54713	97224.59992194176
69	696	32.56013	0.0	54793	97351.11644792557
69	697	31.635946	0.0	54872	97475.89603734016
69	698	18.275652	0.0	54948	97606.47691726685
69	699	17.56869	0.0	55026	97733.19284152985
70	700	31.079018	0.0	55106	98081.5206515789
70	701	5.8295097	3.0	55182	98203.82676434517
70	702	26.441883	0.0	55260	98335.19862174988
70	703	31.3917	0.0	55339	98471.49577021599
70	704	30.186962	0.0	55419	98600.08116436005
70	705	4.837532	0.0	55495	98706.98620057106
70	706	29.628588	0.0	55574	98831.0105688572
70	707	26.779741	2.0	55653	98962.1266822815
70	708	28.82502	0.0	55732	99088.2818300724
70	709	30.247252	0.0	55810	99206.14982414246
71	710	31.848549	0.0	55890	99573.07289123535
71	711	33.17006	0.0	55969	99708.86723685265
71	712	13.322763	0.0	56045	99837.71617865562
71	713	22.443577	5.0	56124	99963.4350669384
71	714	27.654104	0.0	56202	100083.84140086174
71	715	32.47072	0.0	56283	100206.24594092369
71	716	4.85531	0.0	56359	100333.86053466797
71	717	29.262243	0.0	56438	100461.75673985481
71	718	29.237284	0.0	56518	100593.86092376709
71	719	15.511573	0.0	56596	100720.10350251198
72	720	26.200905	0.0	56674	101052.6335568428
72	721	28.420666	0.0	56753	101178.06948590279
72	722	3.5703106	0.0	56829	101305.79153776169
72	723	13.030601	0.0	56906	101431.07702732086
72	724	28.948036	1.0	56984	101542.04633021355
72	725	26.64819	0.0	57063	101665.29755711555
72	726	7.442947	0.0	57139	101782.07473683357
72	727	32.998894	0.0	57219	101907.82914733887
72	728	23.4367	0.0	57298	102034.17025923729
72	729	32.771095	0.0	57378	102159.50325131416
73	730	27.667007	1.0	57458	102513.44260334969
73	731	31.806507	0.0	57537	102641.70403122902
73	732	31.668709	0.0	57616	102765.26481246948
73	733	33.150463	0.0	57695	102894.83475613594
73	734	32.344543	0.0	57776	103027.99555754662
73	735	31.179455	0.0	57855	103153.83431339264
73	736	9.991552	0.0	57932	103261.84017586708
73	737	27.131891	0.0	58010	103380.67807078362
73	738	18.063747	0.0	58088	103509.8174276352
73	739	36.085842	0.0	58168	103632.44836258888
74	740	30.898895	0.0	58249	103985.88035440445
74	741	35.34722	0.0	58328	104120.19982981682
74	742	32.229958	0.0	58408	104260.26667642593
74	743	32.987976	0.0	58488	104391.64237165451
74	744	32.647305	0.0	58566	104514.51307821274
74	745	0.47630098	0.0	58641	104637.61289739609
74	746	29.041859	0.0	58718	104748.91208791733
74	747	30.178726	0.0	58798	104875.05444598198
74	748	26.249296	0.0	58875	104992.01191067696
74	749	29.30237	0.0	58955	105105.31751871109
75	750	11.098127	2.0	59031	105461.76407670975
75	751	33.939034	0.0	59110	105597.48204827309
75	752	30.849619	0.0	59191	105731.65769934654
75	753	1.9376628	0.0	59267	105857.30532646179
75	754	31.763845	0.0	59345	105982.8639781475
75	755	26.604443	1.0	59425	106115.69042015076
75	756	32.09947	0.0	59504	106247.28758144379
75	757	0.5076811	0.0	59579	106364.33395886421
75	758	25.179249	0.0	59657	106488.0980565548
75	759	7.7160954	1.0	59733	106608.44737100601
76	760	28.119242	2.0	59811	106964.72841763496
76	761	21.414764	0.0	59889	107092.22678565979
76	762	28.16993	0.0	59966	107222.86108493805
76	763	32.63612	0.0	60044	107355.42608141899
76	764	32.95419	0.0	60124	107497.81878495216
76	765	32.53361	0.0	60205	107615.59639239311
76	766	29.021326	0.0	60284	107735.85416698456
76	767	27.889109	0.0	60363	107864.6181499958
76	768	31.596582	0.0	60443	107985.22396731377
76	769	34.41498	0.0	60523	108112.12501549721
77	770	33.39129	0.0	60601	108490.86456370354
77	771	30.764215	0.0	60680	108621.7719836235
77	772	29.320892	0.0	60760	108747.9499642849
77	773	32.705395	0.0	60839	108880.59090590477
77	774	5.58744	0.0	60915	109003.22748279572
