Epoch	Episode	EpRet	EpCost	TotalEnvInteracts	Time
0	0	18.10875	2.0	76	1501.0286967754364
0	1	21.772879	4.0	152	1548.3262219429016
0	2	25.314682	4.0	230	1597.6668734550476
0	3	18.24009	4.0	305	1645.0728521347046
0	4	24.584587	4.0	381	1692.520180940628
0	5	25.85826	4.0	457	1740.6363337039948
0	6	28.59002	1.0	534	1788.6844429969788
0	7	29.53469	1.0	613	1836.5033128261566
0	8	13.988407	2.0	690	1881.138864517212
0	9	8.456182	15.0	766	1926.6248202323914
1	10	28.681038	9.0	842	2364.529811859131
1	11	28.322086	2.0	918	2415.074291706085
1	12	28.665674	7.0	995	2465.650470018387
1	13	25.829294	4.0	1072	2516.160806417465
1	14	27.107067	5.0	1149	2565.504489660263
1	15	28.751259	3.0	1227	2616.1710591316223
1	16	11.30741	3.0	1304	2666.533262729645
1	17	16.605085	7.0	1380	2715.761215686798
1	18	28.392122	1.0	1457	2764.613982439041
1	19	23.584738	4.0	1535	2814.7138130664825
2	20	28.619604	6.0	1611	3216.8925728797913
2	21	26.566616	3.0	1690	3267.3251934051514
2	22	28.01729	1.0	1768	3317.199856519699
2	23	24.70085	9.0	1845	3366.765151500702
2	24	22.32253	4.0	1922	3415.239846229553
2	25	15.163155	4.0	1998	3464.304787874222
2	26	23.277454	3.0	2075	3514.4012699127197
2	27	28.930592	5.0	2153	3564.003598690033
2	28	23.387798	7.0	2230	3613.639140844345
2	29	19.854362	9.0	2307	3660.408583879471
3	30	20.043901	10.0	2384	4042.129959344864
3	31	26.833073	2.0	2461	4090.6827850341797
3	32	29.246729	0.0	2540	4139.131719350815
3	33	12.267757	17.0	2616	4184.614084005356
3	34	31.993664	1.0	2693	4229.516000747681
3	35	26.210245	8.0	2771	4276.333316087723
3	36	30.151306	3.0	2848	4322.53347492218
3	37	30.544254	1.0	2926	4369.302214860916
3	38	26.553669	1.0	3003	4414.447639703751
3	39	27.858814	3.0	3081	4459.258855342865
4	40	24.535637	4.0	3159	4922.242933511734
4	41	25.876886	0.0	3236	4973.025943040848
4	42	24.278328	6.0	3314	5023.6163783073425
4	43	30.002506	5.0	3391	5070.443601131439
4	44	28.168621	1.0	3470	5119.267515659332
4	45	29.092627	8.0	3548	5167.594173669815
4	46	31.017221	6.0	3626	5214.994881868362
4	47	28.455332	0.0	3703	5263.484623908997
4	48	19.195095	5.0	3779	5310.90256023407
4	49	28.288382	6.0	3856	5358.4929530620575
5	50	26.716974	5.0	3933	5791.052453756332
5	51	31.186245	2.0	4012	5841.539550065994
5	52	29.115307	5.0	4088	5890.5778195858
5	53	31.247189	5.0	4166	5940.748471260071
5	54	27.07478	2.0	4243	5990.092528104782
5	55	29.369987	6.0	4321	6040.141255378723
5	56	29.71453	2.0	4398	6090.169637203217
5	57	23.392084	1.0	4476	6140.178489685059
5	58	33.0834	6.0	4554	6190.728399753571
5	59	17.020294	8.0	4631	6239.341901063919
6	60	27.517166	0.0	4709	6661.496493577957
6	61	29.26873	3.0	4787	6712.380988836288
6	62	25.344885	2.0	4866	6763.244655847549
6	63	27.617481	1.0	4944	6814.507590293884
6	64	28.321014	1.0	5022	6864.974063873291
6	65	27.396711	4.0	5098	6914.083820104599
6	66	31.504396	4.0	5177	6965.326165676117
6	67	26.633526	0.0	5255	7015.396347045898
6	68	23.663343	3.0	5333	7065.44452381134
6	69	28.125952	0.0	5410	7114.034958124161
7	70	30.715971	0.0	5489	7487.047645568848
7	71	28.772657	3.0	5567	7537.85419511795
7	72	18.036282	2.0	5645	7590.10794210434
7	73	28.94136	4.0	5722	7640.548465251923
7	74	28.615353	0.0	5799	7690.789135217667
7	75	29.582945	5.0	5876	7741.743541479111
7	76	15.398839	13.0	5953	7791.409291267395
7	77	29.962275	0.0	6032	7843.613019943237
7	78	29.711725	2.0	6109	7894.163227796555
7	79	29.541845	1.0	6187	7943.8677768707275
8	80	30.676455	4.0	6264	8401.99278473854
8	81	29.187323	0.0	6342	8451.113018989563
8	82	27.345629	6.0	6418	8499.986736059189
8	83	29.089952	3.0	6496	8550.05489039421
8	84	30.446018	2.0	6574	8599.48796749115
8	85	28.41012	5.0	6652	8649.453082084656
8	86	26.438568	2.0	6729	8698.93244433403
8	87	26.549742	1.0	6807	8749.41919875145
8	88	29.28668	2.0	6885	8795.543779611588
8	89	27.044134	2.0	6961	8839.318296432495
9	90	29.285938	1.0	7040	9204.611625909805
9	91	28.376186	0.0	7119	9255.364763498306
9	92	30.451775	0.0	7197	9305.388845205307
9	93	34.91763	0.0	7277	9356.437175750732
9	94	29.077143	3.0	7355	9406.097211122513
9	95	28.881569	5.0	7431	9453.622805833817
9	96	30.74923	2.0	7510	9501.323589801788
9	97	26.048113	6.0	7587	9547.608737707138
9	98	25.86421	6.0	7664	9595.508682489395
9	99	27.693901	0.0	7743	9642.338757753372
10	100	28.056257	2.0	7821	10110.663034915924
10	101	28.050909	2.0	7898	10161.424465179443
10	102	29.718075	6.0	7975	10212.536586523056
10	103	31.606804	0.0	8052	10263.067504644394
10	104	28.626686	1.0	8130	10314.807599782944
10	105	27.718561	5.0	8208	10363.967607498169
10	106	31.097301	11.0	8284	10411.373860836029
10	107	29.766792	7.0	8361	10460.259021520615
10	108	27.873049	0.0	8439	10508.518600463867
10	109	29.372238	1.0	8517	10554.736357212067
11	110	14.482203	7.0	8593	10993.035917520523
11	111	24.341898	6.0	8670	11043.049649953842
11	112	25.052193	8.0	8748	11094.523538351059
11	113	30.376396	11.0	8825	11143.583894491196
11	114	17.040771	12.0	8902	11192.953181266785
11	115	22.35877	0.0	8978	11239.798120260239
11	116	22.067427	3.0	9054	11287.974042415619
11	117	26.192827	8.0	9131	11337.26822590828
11	118	24.702105	4.0	9208	11383.027965545654
11	119	20.888912	6.0	9285	11427.890951156616
12	120	27.965113	1.0	9362	11830.25344991684
12	121	29.84539	9.0	9441	11882.443482398987
12	122	28.416674	1.0	9519	11932.365488052368
12	123	31.96046	0.0	9597	11984.65674829483
12	124	29.977915	4.0	9674	12035.03395652771
12	125	27.614868	8.0	9753	12087.67376947403
12	126	25.86923	4.0	9832	12139.05999660492
12	127	30.738081	5.0	9910	12185.990668773651
12	128	28.826065	2.0	9990	12235.102982997894
12	129	28.072647	3.0	10067	12282.761599302292
13	130	28.931877	3.0	10145	12887.357735872269
13	131	30.39277	2.0	10224	12934.936204433441
13	132	27.412746	2.0	10302	12982.329504489899
13	133	26.237873	2.0	10379	13028.499804973602
13	134	28.826876	1.0	10456	13074.877854347229
13	135	28.527784	5.0	10534	13121.17211341858
13	136	27.287504	6.0	10612	13166.113733768463
13	137	27.943865	1.0	10690	13212.518477678299
13	138	29.04842	2.0	10769	13258.264938354492
13	139	28.054653	2.0	10848	13304.949161052704
14	140	27.052155	4.0	10925	13846.88227891922
14	141	26.903116	4.0	11004	13899.360208511353
14	142	30.552656	0.0	11084	13952.349002122879
14	143	28.436792	3.0	11161	14002.672375202179
14	144	26.710194	8.0	11240	14053.11994099617
14	145	30.080124	3.0	11318	14102.463873386383
14	146	30.992275	2.0	11396	14152.09674668312
14	147	29.012344	3.0	11472	14201.04712677002
14	148	28.607668	0.0	11549	14249.977583646774
14	149	29.826	1.0	11625	14297.980966806412
15	150	29.58677	4.0	11704	14819.386456727982
15	151	25.652409	7.0	11781	14868.225528240204
15	152	31.29078	1.0	11858	14915.608686208725
15	153	28.870491	4.0	11936	14964.640917539597
15	154	28.233788	4.0	12013	15012.11893415451
15	155	28.087257	11.0	12092	15061.130094766617
15	156	26.885435	1.0	12169	15107.423454999924
15	157	27.648085	2.0	12246	15152.876509904861
15	158	26.82469	0.0	12324	15199.124804019928
15	159	26.146658	8.0	12401	15246.965371370316
16	160	30.68629	1.0	12478	15747.061705827713
16	161	29.248953	6.0	12557	15798.481172561646
16	162	31.764109	3.0	12634	15848.549890756607
16	163	26.860542	4.0	12712	15899.235698223114
16	164	27.735065	9.0	12790	15949.45306634903
16	165	29.952267	5.0	12868	15998.773527383804
16	166	27.205162	1.0	12944	16045.618260145187
16	167	26.434439	3.0	13022	16092.415977954865
16	168	27.604185	0.0	13100	16141.671658277512
16	169	26.674664	4.0	13176	16189.522445678711
17	170	29.734829	4.0	13256	16606.52272582054
17	171	26.369858	4.0	13334	16654.74512076378
17	172	29.549648	1.0	13412	16703.262265205383
17	173	30.996992	2.0	13489	16748.440117836
17	174	27.997747	0.0	13568	16795.615149497986
17	175	26.750546	0.0	13644	16840.413466215134
17	176	28.889488	3.0	13722	16887.318964719772
17	177	27.197887	2.0	13799	16932.371646881104
17	178	27.350092	6.0	13876	16977.86620783806
17	179	28.142025	3.0	13953	17023.758699655533
18	180	25.60671	3.0	14030	17410.47150492668
18	181	27.289854	4.0	14108	17459.37422990799
18	182	29.449585	6.0	14185	17504.83309483528
18	183	31.301394	2.0	14263	17552.75261116028
18	184	28.539007	4.0	14341	17601.160952329636
18	185	28.57348	1.0	14418	17647.385149002075
18	186	28.260038	2.0	14497	17696.241989850998
18	187	31.325201	2.0	14577	17746.058285951614
18	188	29.578308	0.0	14656	17795.083690166473
18	189	28.416586	4.0	14734	17845.100184440613
19	190	30.935097	1.0	14813	18213.697380781174
19	191	33.798782	3.0	14891	18260.773913621902
19	192	25.49541	1.0	14969	18306.57466316223
19	193	30.129276	2.0	15048	18352.488096237183
19	194	30.64904	2.0	15126	18398.31242632866
19	195	27.374449	3.0	15204	18443.99811577797
19	196	27.184755	0.0	15283	18490.139472723007
19	197	27.141096	1.0	15361	18535.80065870285
19	198	30.415464	5.0	15438	18580.3987698555
19	199	29.767525	0.0	15516	18624.43501806259
20	200	13.3512535	0.0	15593	18964.4734480381
20	201	24.583466	0.0	15670	19011.419486761093
20	202	29.583384	0.0	15746	19058.616754055023
20	203	28.084785	2.0	15824	19106.57187438011
20	204	28.618155	6.0	15902	19152.937170505524
20	205	25.63392	0.0	15979	19199.17716884613
20	206	28.59726	3.0	16056	19244.912106752396
20	207	25.260124	2.0	16133	19289.322561740875
20	208	27.51572	0.0	16211	19334.711988925934
20	209	23.363235	2.0	16288	19378.874060869217
21	210	26.359447	2.0	16367	19739.46351838112
21	211	28.618307	5.0	16444	19786.496257305145
21	212	30.062168	1.0	16522	19834.207632541656
21	213	27.979101	1.0	16600	19880.15048098564
21	214	26.911118	3.0	16676	19924.260751724243
21	215	29.166306	2.0	16754	19970.347417116165
21	216	28.379992	1.0	16831	20014.27984070778
21	217	26.970243	2.0	16909	20061.046721696854
21	218	28.888706	1.0	16987	20107.276490926743
21	219	29.107376	1.0	17067	20153.03853726387
22	220	29.066668	4.0	17144	20464.908610343933
22	221	28.195395	4.0	17222	20514.021478414536
22	222	30.772055	5.0	17300	20564.038994073868
22	223	27.841425	0.0	17377	20612.058223247528
22	224	27.076582	0.0	17455	20657.615533590317
22	225	25.845446	0.0	17533	20702.981462717056
22	226	27.009464	5.0	17610	20747.173632144928
22	227	28.036663	2.0	17688	20791.783153295517
22	228	27.293634	3.0	17766	20836.582371234894
22	229	17.876001	6.0	17843	20881.421766281128
23	230	30.553192	3.0	17922	21351.933320999146
23	231	26.752829	3.0	18000	21397.05353331566
23	232	30.274559	6.0	18078	21441.961733579636
23	233	27.569063	0.0	18155	21485.828471183777
23	234	30.80573	1.0	18232	21529.509565353394
23	235	26.462315	6.0	18311	21574.053762435913
23	236	25.40869	0.0	18388	21618.088936805725
23	237	26.45728	2.0	18465	21662.809266090393
23	238	30.208824	7.0	18541	21706.279532432556
23	239	27.53427	0.0	18619	21751.11425304413
24	240	29.879543	3.0	18695	22122.760013103485
24	241	30.099478	2.0	18772	22169.71695780754
24	242	28.692049	1.0	18850	22215.803064584732
24	243	23.597998	2.0	18928	22262.881675720215
24	244	26.000656	5.0	19005	22309.411742448807
24	245	30.815353	0.0	19083	22357.404088020325
24	246	26.68502	2.0	19162	22406.18112564087
24	247	27.585552	3.0	19239	22455.500306129456
24	248	29.647503	2.0	19316	22502.844115018845
24	249	30.700308	0.0	19394	22552.38581609726
25	250	30.973396	3.0	19472	22892.318481445312
25	251	30.827805	4.0	19550	22940.11922311783
25	252	29.005543	1.0	19628	22986.90811944008
25	253	28.387926	3.0	19705	23032.713366746902
25	254	32.66784	0.0	19785	23080.687878608704
25	255	29.357117	2.0	19863	23128.21682882309
25	256	28.895727	5.0	19942	23176.022459745407
25	257	27.914574	1.0	20019	23222.472182512283
25	258	26.909298	9.0	20096	23269.34649991989
25	259	27.776653	0.0	20173	23316.143983364105
26	260	27.531172	0.0	20250	23688.120820999146
26	261	28.193003	1.0	20327	23732.98157787323
26	262	29.180403	1.0	20407	23778.40541601181
26	263	26.314423	1.0	20485	23820.863462924957
26	264	27.068714	3.0	20563	23866.446358680725
26	265	31.2909	0.0	20641	23913.02359175682
26	266	26.986324	0.0	20719	23958.49546432495
26	267	32.27477	0.0	20797	24003.162845611572
26	268	29.564943	3.0	20876	24048.69619870186
26	269	26.36188	0.0	20955	24094.51338148117
27	270	30.402277	0.0	21034	24390.54525089264
27	271	28.40683	2.0	21112	24435.399027109146
27	272	27.969707	2.0	21191	24480.65477013588
27	273	26.446114	0.0	21267	24523.904935359955
27	274	23.85011	3.0	21344	24567.830560445786
27	275	31.101255	5.0	21423	24614.652053117752
27	276	29.965246	1.0	21500	24660.006254196167
27	277	26.143463	1.0	21579	24705.93294262886
27	278	24.942194	3.0	21655	24748.344546079636
27	279	26.68717	3.0	21733	24793.53986597061
28	280	21.068302	4.0	21809	25200.2212331295
28	281	29.637526	0.0	21887	25245.639542102814
28	282	28.719019	4.0	21963	25290.82165169716
28	283	25.942686	3.0	22042	25338.322224140167
28	284	29.878334	5.0	22120	25384.646030426025
28	285	30.811642	3.0	22198	25429.943734169006
28	286	24.814774	2.0	22276	25475.612792015076
28	287	23.24597	2.0	22353	25520.91387104988
28	288	23.924112	7.0	22430	25565.725890398026
28	289	14.700882	3.0	22507	25609.80429792404
29	290	26.897287	2.0	22584	25907.766474723816
29	291	30.292057	3.0	22662	25949.977873802185
29	292	27.036116	1.0	22739	25994.164712190628
29	293	25.19339	2.0	22816	26041.19667696953
29	294	31.549469	2.0	22894	26084.166846990585
29	295	30.610287	3.0	22972	26128.857011556625
29	296	25.315226	4.0	23049	26172.849541902542
29	297	28.795921	5.0	23128	26217.424453496933
29	298	29.441454	2.0	23205	26262.168407440186
29	299	29.9559	1.0	23283	26307.15935397148
30	300	28.992987	8.0	23360	26640.77406477928
30	301	30.67958	1.0	23437	26688.66727757454
30	302	29.186327	1.0	23516	26737.145313978195
30	303	27.881786	0.0	23594	26783.333950281143
30	304	11.503679	6.0	23670	26828.390619039536
30	305	24.996387	1.0	23747	26877.998204231262
30	306	27.850857	0.0	23825	26928.803066253662
30	307	26.81452	6.0	23903	26980.45965719223
30	308	14.838732	12.0	23979	27029.520771980286
30	309	32.385845	0.0	24057	27080.35556292534
31	310	30.14753	4.0	24135	27613.19369983673
31	311	30.006134	1.0	24214	27661.314774513245
31	312	28.0899	5.0	24292	27710.003868818283
31	313	27.724493	1.0	24369	27758.365867614746
31	314	32.57469	6.0	24447	27807.532467126846
31	315	29.692566	3.0	24525	27857.899718761444
31	316	29.958866	0.0	24603	27908.1511926651
31	317	26.947872	0.0	24682	27959.053829669952
31	318	32.0829	2.0	24760	28007.8436691761
31	319	25.789438	3.0	24838	28056.83648085594
32	320	28.605968	1.0	24917	28542.63253068924
32	321	30.17947	2.0	24995	28591.533113002777
32	322	30.429407	0.0	25075	28641.630064487457
32	323	26.343317	3.0	25152	28691.474269151688
32	324	26.285053	7.0	25230	28738.97847867012
32	325	28.402435	2.0	25307	28784.519901037216
32	326	26.356426	5.0	25385	28830.96859574318
32	327	28.828957	1.0	25462	28877.429170131683
32	328	30.004368	1.0	25539	28924.879086256027
32	329	25.226398	1.0	25616	28975.30193042755
33	330	26.607515	0.0	25693	29411.996586084366
33	331	26.93251	0.0	25771	29459.86646938324
33	332	31.41772	4.0	25849	29507.43809723854
33	333	25.55622	0.0	25926	29555.584589242935
33	334	30.837708	2.0	26004	29602.023713350296
33	335	27.751726	2.0	26081	29647.696092367172
33	336	29.730942	0.0	26159	29693.736586093903
33	337	25.928686	3.0	26237	29739.88338446617
33	338	28.56567	9.0	26316	29786.9587495327
33	339	30.254814	4.0	26396	29835.225566148758
34	340	30.004438	1.0	26473	30315.962396860123
34	341	28.42617	0.0	26551	30366.25600385666
34	342	28.343594	3.0	26627	30413.544637441635
34	343	28.73322	1.0	26704	30462.728047132492
34	344	27.244165	6.0	26782	30512.502952098846
34	345	28.242754	2.0	26859	30561.7104139328
34	346	25.58733	0.0	26936	30609.745548725128
34	347	32.497738	0.0	27013	30658.936501026154
34	348	30.315567	2.0	27092	30710.951914072037
34	349	29.757063	1.0	27170	30762.34708428383
35	350	30.9827	0.0	27248	31265.760771512985
35	351	20.450668	1.0	27326	31314.891026973724
35	352	28.317623	1.0	27405	31365.059143781662
35	353	30.874632	1.0	27482	31413.135587215424
35	354	31.457129	0.0	27560	31461.458540439606
35	355	29.061129	3.0	27638	31509.76084947586
35	356	27.234343	0.0	27714	31557.798944234848
35	357	27.016634	2.0	27792	31607.36908888817
35	358	22.107998	3.0	27869	31655.85659980774
35	359	28.873129	0.0	27947	31705.6900806427
36	360	31.791054	0.0	28025	32317.421542406082
36	361	25.26158	2.0	28103	32367.44738960266
36	362	32.318157	3.0	28182	32417.77010703087
36	363	28.141922	4.0	28260	32468.46101117134
36	364	31.459236	4.0	28339	32519.615445137024
36	365	22.35297	2.0	28416	32568.06543636322
36	366	28.966787	2.0	28495	32619.751435756683
36	367	24.94768	0.0	28572	32668.939851284027
36	368	29.436134	1.0	28650	32717.99698972702
36	369	27.358402	2.0	28728	32769.34519767761
37	370	26.221394	2.0	28805	33194.06674647331
37	371	27.299232	2.0	28884	33243.788805007935
37	372	31.62382	2.0	28963	33291.388610601425
37	373	28.94691	2.0	29041	33336.70764064789
37	374	27.592169	11.0	29119	33383.68862581253
37	375	30.730793	4.0	29197	33429.31618189812
37	376	32.930885	1.0	29275	33475.27381539345
37	377	25.318707	3.0	29352	33520.05086135864
37	378	27.587112	1.0	29431	33565.68649673462
37	379	29.09994	5.0	29508	33613.16904592514
38	380	26.560429	2.0	29584	34155.13538765907
38	381	29.061989	2.0	29663	34205.32591199875
38	382	26.325829	4.0	29740	34253.55915641785
38	383	25.868774	4.0	29818	34302.73036980629
38	384	28.982435	4.0	29894	34351.291697502136
38	385	29.657732	3.0	29972	34401.24038243294
38	386	28.6398	3.0	30049	34451.04019618034
38	387	31.75521	5.0	30128	34501.88802862167
38	388	27.336195	1.0	30205	34551.465508461
38	389	27.247473	0.0	30284	34601.09204292297
39	390	24.069368	1.0	30360	35176.519559144974
39	391	29.061459	0.0	30437	35224.51625084877
39	392	28.89938	0.0	30515	35272.85696077347
39	393	29.624401	1.0	30594	35322.95672082901
39	394	32.235474	0.0	30672	35371.39227080345
39	395	24.39864	5.0	30749	35420.27134823799
39	396	28.565416	1.0	30826	35466.24484491348
39	397	31.553318	2.0	30903	35511.928815841675
39	398	28.821047	3.0	30981	35558.459517002106
39	399	29.920876	4.0	31059	35605.06719684601
40	400	27.023006	1.0	31136	36064.320877313614
40	401	26.15401	3.0	31215	36116.60313344002
40	402	29.77879	0.0	31293	36168.78678870201
40	403	26.479567	0.0	31370	36219.749029159546
40	404	28.362123	1.0	31448	36271.944405794144
40	405	26.707163	1.0	31525	36323.17224788666
40	406	30.341919	1.0	31603	36374.72548890114
40	407	27.9956	0.0	31681	36425.38950920105
40	408	29.957426	2.0	31758	36475.621272325516
40	409	29.230925	7.0	31835	36525.77947974205
41	410	25.587109	1.0	31913	36981.781562805176
41	411	26.505453	2.0	31991	37029.45682454109
41	412	26.847397	2.0	32067	37077.27426528931
41	413	30.459179	1.0	32146	37126.84394836426
41	414	26.928642	1.0	32224	37173.27307152748
41	415	28.12089	3.0	32303	37222.83883047104
41	416	7.6519217	2.0	32379	37271.04562520981
41	417	28.502638	6.0	32457	37318.8327422142
41	418	32.182247	1.0	32536	37366.94387793541
41	419	32.264374	0.0	32613	37414.70481967926
42	420	29.053991	5.0	32689	37966.2759039402
42	421	28.434784	1.0	32766	38015.75423502922
42	422	27.552849	0.0	32843	38066.1537258625
42	423	27.840717	2.0	32920	38113.37686038017
42	424	30.031136	1.0	32997	38164.037845134735
42	425	29.296818	1.0	33074	38212.9876909256
42	426	29.186155	4.0	33150	38258.74621987343
42	427	30.025967	0.0	33227	38304.569514751434
42	428	28.734053	0.0	33304	38349.62267947197
42	429	28.838959	3.0	33381	38395.624351501465
43	430	25.356848	0.0	33458	38867.64955949783
43	431	28.72583	3.0	33536	38918.65208482742
43	432	26.472229	1.0	33614	38970.348308086395
43	433	26.190863	2.0	33691	39021.23716020584
43	434	29.77918	2.0	33767	39070.25462436676
43	435	25.532156	1.0	33844	39118.46930241585
43	436	26.859999	1.0	33922	39167.520114421844
43	437	28.599253	0.0	33999	39216.10873627663
43	438	31.27831	0.0	34077	39263.833676576614
43	439	28.159645	1.0	34156	39312.77905082703
44	440	30.5317	3.0	34234	39836.69901704788
44	441	33.45353	3.0	34313	39887.0075237751
44	442	27.073263	4.0	34390	39937.55207872391
44	443	27.088661	1.0	34467	39988.10496926308
44	444	24.976725	5.0	34544	40037.68667936325
44	445	29.937359	2.0	34621	40087.36855459213
44	446	28.867817	2.0	34699	40137.09165763855
44	447	25.82303	7.0	34777	40188.53035545349
44	448	27.741507	2.0	34854	40237.958305835724
44	449	29.634708	2.0	34932	40286.79102373123
45	450	29.14712	3.0	35009	40909.61600613594
45	451	26.493351	2.0	35087	40959.432495355606
45	452	31.452543	4.0	35164	41007.84754157066
45	453	25.920166	2.0	35241	41056.51699757576
45	454	32.042946	2.0	35320	41106.922134399414
45	455	30.293264	0.0	35399	41156.89649581909
45	456	28.695248	4.0	35478	41207.52067923546
45	457	30.22479	0.0	35555	41256.5941631794
45	458	31.847595	1.0	35633	41305.093935251236
45	459	29.931427	3.0	35711	41352.73951005936
46	460	29.467005	2.0	35788	41883.13115358353
46	461	29.949762	2.0	35866	41934.08284521103
46	462	28.864305	1.0	35943	41984.91395330429
46	463	28.668537	0.0	36021	42035.63956975937
46	464	29.687767	3.0	36098	42086.312717437744
46	465	29.099909	0.0	36175	42137.46357536316
46	466	29.107933	2.0	36253	42183.95613145828
46	467	31.763992	1.0	36331	42230.55383181572
46	468	26.853779	6.0	36409	42276.792140722275
46	469	24.576344	4.0	36486	42323.02654957771
47	470	25.373436	0.0	36563	42769.83009886742
47	471	28.15276	2.0	36640	42818.64773488045
47	472	26.4284	2.0	36717	42866.931769132614
47	473	28.575733	0.0	36794	42914.05911183357
47	474	26.744963	1.0	36872	42961.43639230728
47	475	27.101162	1.0	36950	43010.38746762276
47	476	30.949224	0.0	37028	43057.08828163147
47	477	26.796244	0.0	37106	43103.238330602646
47	478	27.052753	1.0	37185	43150.05064725876
47	479	29.26332	2.0	37262	43195.29540205002
48	480	31.540945	1.0	37340	43590.78857755661
48	481	29.61112	3.0	37418	43639.88207268715
48	482	31.174765	3.0	37497	43689.219255924225
48	483	27.318329	0.0	37574	43737.825760126114
48	484	20.263544	12.0	37652	43788.031586408615
48	485	25.999763	1.0	37730	43837.81099104881
48	486	24.957653	0.0	37807	43884.5005030632
48	487	31.487299	1.0	37884	43931.131867170334
48	488	26.252024	0.0	37962	43980.64366412163
48	489	28.6984	5.0	38039	44026.95602440834
49	490	28.2444	6.0	38117	44492.13743472099
49	491	29.014072	1.0	38195	44541.15554237366
49	492	26.116018	2.0	38273	44587.50259876251
49	493	30.79195	3.0	38351	44635.983615875244
49	494	32.881622	1.0	38429	44684.91812491417
49	495	30.676235	3.0	38506	44732.9829249382
49	496	29.270594	1.0	38583	44780.69278025627
49	497	31.509247	1.0	38661	44829.392162323
49	498	27.126919	0.0	38740	44878.6552259922
49	499	29.936283	4.0	38818	44925.44436573982
50	500	30.765678	1.0	38895	45357.74636173248
50	501	28.569433	3.0	38973	45406.390006780624
50	502	25.69319	4.0	39051	45455.954058885574
50	503	29.324755	0.0	39129	45504.81076478958
50	504	35.64754	0.0	39207	45554.667311906815
50	505	29.27875	2.0	39284	45603.20538544655
50	506	30.233862	5.0	39361	45651.52384209633
50	507	27.626078	3.0	39440	45700.68039560318
50	508	28.568678	4.0	39518	45750.41207265854
50	509	19.355453	3.0	39595	45798.83069515228
51	510	31.687252	2.0	39673	46278.55062198639
51	511	27.255365	4.0	39751	46327.69180583954
51	512	27.880882	1.0	39827	46374.56082582474
51	513	28.573832	2.0	39905	46422.034136772156
51	514	27.086733	6.0	39983	46470.383155822754
51	515	24.332743	5.0	40059	46516.96191859245
51	516	29.853361	0.0	40137	46563.95731091499
51	517	27.573017	1.0	40214	46611.97045660019
51	518	29.83504	2.0	40291	46660.32274508476
51	519	29.629313	0.0	40370	46704.96837210655
52	520	28.402832	3.0	40448	47121.27174115181
52	521	30.86659	5.0	40526	47167.94445896149
52	522	26.551014	8.0	40607	47216.30892467499
52	523	24.846695	3.0	40683	47261.93025517464
52	524	28.770144	1.0	40760	47308.61841583252
52	525	30.804558	3.0	40838	47354.01429080963
52	526	28.246265	2.0	40915	47401.07137274742
52	527	26.15747	1.0	40993	47447.629523038864
52	528	29.383554	1.0	41071	47494.594094753265
52	529	29.084621	8.0	41149	47540.41799879074
53	530	28.192427	0.0	41227	47936.82330393791
53	531	28.148836	0.0	41304	47984.859739780426
53	532	27.556257	2.0	41381	48032.20149683952
53	533	26.209497	6.0	41457	48076.6701169014
53	534	32.0804	0.0	41535	48122.54163694382
53	535	33.695324	0.0	41615	48169.17316198349
53	536	29.338934	4.0	41693	48215.02606010437
53	537	28.318037	0.0	41771	48261.740221738815
53	538	27.476826	6.0	41848	48306.59489774704
53	539	29.3328	6.0	41927	48353.3734498024
54	540	29.039394	0.0	42004	48801.78119111061
54	541	24.28066	0.0	42081	48849.44943904877
54	542	26.764444	3.0	42158	48897.02050256729
54	543	29.757818	1.0	42235	48945.3494246006
54	544	27.686075	0.0	42312	48993.22077202797
54	545	29.74066	2.0	42391	49043.59734034538
54	546	31.215145	2.0	42468	49091.91094136238
54	547	30.08934	2.0	42548	49140.37906599045
54	548	27.76209	4.0	42626	49186.645267248154
54	549	29.835806	4.0	42702	49231.04617071152
55	550	25.844448	7.0	42779	49696.43630313873
55	551	28.505198	1.0	42858	49745.27185487747
55	552	30.605778	1.0	42936	49794.43108892441
55	553	26.227104	6.0	43012	49841.424564123154
55	554	33.97386	5.0	43089	49888.86993312836
55	555	29.036163	4.0	43167	49938.72196006775
55	556	30.168634	1.0	43245	49984.582110881805
55	557	29.595242	1.0	43323	50031.03912901878
55	558	31.528528	0.0	43401	50077.18687534332
55	559	23.13867	0.0	43479	50121.16212129593
56	560	27.528025	5.0	43556	50605.22800731659
56	561	31.85452	4.0	43632	50652.00053143501
56	562	34.306175	2.0	43710	50699.44458031654
56	563	30.893227	0.0	43787	50745.23131084442
56	564	24.44439	0.0	43866	50792.063234090805
56	565	29.883562	0.0	43944	50837.42444229126
56	566	29.387293	2.0	44021	50883.00370955467
56	567	26.660652	4.0	44099	50928.832402944565
56	568	30.660536	2.0	44176	50974.7371404171
56	569	30.435001	1.0	44254	51020.32388138771
57	570	30.057339	1.0	44332	51511.73044753075
57	571	27.36831	1.0	44409	51559.35888171196
57	572	30.09188	7.0	44486	51606.854181051254
57	573	30.963882	0.0	44564	51654.395701408386
57	574	25.558237	7.0	44641	51701.15593743324
57	575	30.249762	2.0	44718	51745.545248270035
57	576	29.593718	0.0	44797	51790.6419672966
57	577	26.986303	3.0	44875	51834.963434934616
57	578	27.404194	3.0	44952	51879.03217411041
57	579	30.196815	5.0	45031	51924.695534706116
58	580	29.168844	2.0	45108	52412.569768190384
58	581	28.685637	3.0	45186	52462.92488384247
58	582	31.46076	1.0	45265	52514.11037349701
58	583	30.26264	1.0	45342	52563.71640563011
58	584	32.65264	0.0	45422	52615.52095532417
58	585	30.17904	3.0	45501	52665.74605870247
58	586	27.69641	1.0	45579	52716.32177376747
58	587	26.614168	2.0	45657	52762.27123570442
58	588	26.756634	6.0	45735	52807.3670065403
58	589	29.537493	4.0	45812	52851.116248846054
59	590	29.796207	1.0	45891	53320.334154605865
59	591	29.360134	3.0	45968	53368.05517530441
59	592	29.81441	2.0	46047	53416.94279360771
59	593	31.455439	2.0	46123	53461.64276790619
59	594	29.318874	0.0	46200	53506.35006785393
59	595	29.699247	2.0	46279	53552.7963385582
59	596	29.88717	4.0	46357	53596.88560414314
59	597	25.93668	2.0	46434	53639.96455049515
59	598	29.287172	3.0	46510	53683.14815735817
59	599	27.833294	1.0	46588	53727.87732028961
60	600	30.92849	3.0	46666	54181.23511791229
60	601	27.648674	11.0	46744	54227.684181690216
60	602	28.73287	4.0	46821	54274.324921131134
60	603	29.20923	3.0	46898	54320.38290452957
60	604	27.757193	2.0	46974	54366.100115060806
60	605	29.695484	4.0	47052	54412.22722411156
60	606	30.514465	0.0	47130	54457.209305524826
60	607	27.329885	1.0	47208	54502.146636247635
60	608	28.887482	0.0	47286	54547.49634385109
60	609	30.70717	6.0	47363	54591.606471300125
61	610	17.483603	1.0	47440	55008.64266037941
61	611	29.98098	0.0	47517	55055.58131432533
61	612	29.593912	4.0	47593	55102.419514894485
61	613	29.889853	0.0	47668	55148.67198252678
61	614	26.682476	2.0	47745	55197.27733659744
61	615	29.547327	4.0	47823	55246.14362812042
61	616	29.321451	1.0	47900	55293.73589730263
61	617	28.931517	2.0	47977	55339.4623169899
61	618	28.95009	3.0	48054	55385.69606089592
61	619	30.209272	0.0	48131	55431.8219704628
62	620	28.75914	8.0	48209	56078.6765794754
62	621	29.955238	7.0	48288	56131.38881468773
62	622	27.424612	0.0	48366	56181.36046767235
62	623	32.505474	2.0	48445	56230.31800699234
62	624	29.15999	2.0	48524	56277.94107937813
62	625	27.6936	1.0	48600	56323.297061920166
62	626	30.344584	0.0	48679	56371.36017513275
62	627	28.017757	0.0	48757	56417.95431470871
62	628	26.746496	7.0	48833	56463.0721180439
62	629	30.379194	4.0	48912	56510.169978141785
63	630	30.045683	1.0	48989	57023.41594171524
63	631	30.246157	0.0	49066	57072.79769587517
63	632	26.211573	8.0	49142	57121.72843313217
63	633	31.001879	1.0	49220	57170.246782541275
63	634	29.253141	2.0	49299	57218.84879875183
63	635	30.075293	1.0	49378	57267.72897052765
63	636	27.27518	4.0	49455	57315.28212094307
63	637	33.899353	0.0	49533	57362.878704071045
63	638	25.48136	1.0	49612	57411.712572574615
63	639	26.939611	0.0	49689	57457.91192865372
64	640	30.2799	0.0	49767	58000.916900634766
64	641	26.454184	0.0	49844	58050.31949710846
64	642	22.25225	3.0	49921	58097.75630712509
64	643	27.085144	1.0	49998	58143.817403793335
64	644	29.337301	3.0	50075	58190.20427632332
64	645	27.919426	1.0	50153	58237.8319401741
64	646	27.88486	2.0	50231	58284.02116084099
64	647	29.475773	3.0	50307	58330.49815964699
64	648	29.657911	2.0	50384	58377.749017715454
64	649	28.912806	9.0	50460	58424.20658326149
65	650	31.277372	6.0	50538	58943.40978837013
65	651	19.909464	1.0	50614	58990.65983581543
65	652	31.379108	0.0	50693	59038.86771726608
65	653	21.586847	14.0	50769	59087.62154960632
65	654	27.27467	1.0	50847	59137.146305561066
65	655	28.202265	1.0	50925	59184.517048597336
65	656	25.242086	0.0	51002	59231.66432714462
65	657	29.436188	1.0	51081	59281.08756184578
65	658	30.922764	1.0	51159	59328.34900188446
65	659	29.069096	4.0	51235	59372.44754767418
66	660	31.62763	3.0	51313	59883.28159117699
66	661	29.3052	0.0	51390	59932.24782252312
66	662	31.642982	1.0	51469	59982.45082807541
66	663	35.23483	1.0	51547	60032.148050785065
66	664	28.55228	4.0	51625	60081.861365795135
66	665	27.665392	1.0	51702	60129.976959228516
66	666	27.536734	2.0	51780	60178.84468078613
66	667	26.205833	5.0	51859	60228.657437324524
66	668	28.902645	11.0	51937	60277.463943719864
66	669	25.63695	2.0	52013	60321.10714817047
67	670	28.9567	2.0	52091	60964.87422680855
67	671	27.281065	7.0	52168	61013.87311530113
67	672	28.215584	2.0	52245	61062.114850997925
67	673	28.275976	0.0	52322	61108.83280658722
67	674	31.705626	2.0	52399	61155.99475932121
67	675	28.330847	2.0	52477	61203.21887588501
67	676	33.605316	0.0	52554	61248.79702830315
67	677	27.38663	3.0	52632	61294.93744921684
67	678	30.091866	5.0	52710	61342.59625482559
67	679	29.266443	5.0	52788	61390.22941613197
68	680	30.51927	8.0	52866	62025.70166540146
68	681	30.593794	0.0	52944	62071.557949543
68	682	30.178946	1.0	53022	62117.85009789467
68	683	28.41126	2.0	53101	62165.83786511421
68	684	28.346708	1.0	53180	62214.40760445595
68	685	27.351866	5.0	53259	62262.73214530945
68	686	28.91119	1.0	53337	62309.88281130791
68	687	31.133972	0.0	53416	62355.4129345417
68	688	28.684595	4.0	53494	62401.66904950142
68	689	24.12432	0.0	53571	62446.365258693695
69	690	28.03902	1.0	53649	63053.95908951759
69	691	28.229296	0.0	53728	63099.55356168747
69	692	24.91052	2.0	53805	63143.07997083664
69	693	27.34448	4.0	53883	63188.262295007706
69	694	27.767897	0.0	53960	63232.35208725929
69	695	22.37795	6.0	54036	63276.32971763611
69	696	29.234154	5.0	54115	63320.65173101425
69	697	27.017342	2.0	54192	63365.31969475746
69	698	26.66782	2.0	54269	63410.14810633659
69	699	25.85182	0.0	54346	63452.6738781929
70	700	27.250116	2.0	54423	63943.16254115105
70	701	22.199007	4.0	54501	63992.22568011284
70	702	29.810068	1.0	54579	64040.11279511452
70	703	30.19447	7.0	54657	64087.29400396347
70	704	31.83557	1.0	54735	64135.24793839455
70	705	28.618273	10.0	54813	64184.47705101967
70	706	28.310839	7.0	54891	64230.34434700012
70	707	28.935946	4.0	54968	64274.22238588333
70	708	30.322697	5.0	55046	64319.86705613136
70	709	30.783674	3.0	55125	64365.32052373886
71	710	32.838497	2.0	55202	64955.86900663376
71	711	16.986221	11.0	55278	65005.67122387886
71	712	32.692802	2.0	55357	65051.94710969925
71	713	25.270237	3.0	55433	65096.37921881676
71	714	31.055273	5.0	55512	65142.64059019089
71	715	30.724403	6.0	55589	65187.47729063034
71	716	31.66104	1.0	55669	65237.03464961052
71	717	26.175411	6.0	55746	65284.43567824364
71	718	26.684044	0.0	55823	65331.05588340759
71	719	27.99335	2.0	55900	65379.31662750244
72	720	31.84688	4.0	55979	65901.39474844933
72	721	29.53202	5.0	56056	65950.84263396263
72	722	33.14017	1.0	56135	65996.26214265823
72	723	29.862324	1.0	56213	66041.50761270523
72	724	28.592577	7.0	56291	66086.60548043251
72	725	25.871954	4.0	56368	66132.54748392105
72	726	29.888155	8.0	56446	66178.26839613914
72	727	29.287495	4.0	56523	66221.49116539955
72	728	28.101086	3.0	56601	66267.27443504333
72	729	30.569706	3.0	56678	66312.7159678936
73	730	29.366877	3.0	56755	66821.79831266403
73	731	28.404062	6.0	56832	66869.04628658295
73	732	31.222876	3.0	56910	66917.3553826809
73	733	28.301237	0.0	56988	66965.71030139923
73	734	31.791143	5.0	57065	67013.32797169685
73	735	31.22003	7.0	57144	67061.96948194504
73	736	27.917011	4.0	57222	67109.8554699421
73	737	27.530659	4.0	57299	67156.49248433113
73	738	32.52729	1.0	57378	67204.72009396553
73	739	28.267286	3.0	57454	67252.10285520554
74	740	30.619852	0.0	57532	67834.55089068413
74	741	26.9944	4.0	57609	67882.9588971138
74	742	22.876242	6.0	57686	67931.11913824081
74	743	31.29979	2.0	57764	67980.95103478432
74	744	30.014345	2.0	57841	68029.57655525208
74	745	24.291561	1.0	57918	68078.53072047234
74	746	6.81323	0.0	57994	68128.03665280342
74	747	28.770966	2.0	58072	68177.9052965641
74	748	26.519335	3.0	58151	68229.33260440826
74	749	29.76661	1.0	58228	68278.29132080078
75	750	29.152107	3.0	58306	68802.43872332573
75	751	31.740004	2.0	58385	68853.56524991989
75	752	28.747028	6.0	58463	68904.20731210709
75	753	30.864124	0.0	58540	68954.69112682343
75	754	28.950409	2.0	58618	69005.62491345406
75	755	28.356312	1.0	58697	69058.60225343704
75	756	31.328747	3.0	58776	69111.78104162216
75	757	27.54604	7.0	58853	69163.93864655495
75	758	27.878508	9.0	58931	69215.12002754211
75	759	29.171738	1.0	59009	69262.99353289604
76	760	22.488958	11.0	59085	69843.78993964195
76	761	26.684502	3.0	59163	69893.44261693954
76	762	27.464144	2.0	59242	69943.7099969387
76	763	29.518578	2.0	59320	69993.22579216957
76	764	27.610191	4.0	59397	70038.0750117302
76	765	27.871733	9.0	59475	70084.2654645443
76	766	30.728376	0.0	59555	70130.88546586037
76	767	24.780388	1.0	59633	70180.52979540825
76	768	29.496761	1.0	59711	70229.5811612606
76	769	30.047453	3.0	59790	70278.1992714405
77	770	27.634108	8.0	59867	71148.36158275604
77	771	32.169304	3.0	59945	71197.04472732544
77	772	31.563427	10.0	60023	71244.56252121925
77	773	26.748629	4.0	60101	71290.5858900547
77	774	29.66714	4.0	60179	71335.82655572891
77	775	29.376413	3.0	60257	71381.83944892883
77	776	28.442505	2.0	60334	71427.59142446518
77	777	23.581736	3.0	60412	71473.23237204552
77	778	27.214	4.0	60490	71520.03872704506
77	779	27.095566	12.0	60566	71565.27920818329
78	780	29.185295	3.0	60643	72180.38955402374
78	781	27.017773	1.0	60720	72229.45161533356
78	782	28.499954	7.0	60797	72278.49235320091
78	783	31.200155	2.0	60875	72328.47719311714
78	784	25.846546	6.0	60954	72377.19659543037
78	785	31.574104	0.0	61032	72422.10907125473
78	786	30.152521	5.0	61109	72467.39490222931
78	787	29.453527	4.0	61187	72513.5672545433
78	788	28.939457	2.0	61264	72558.35847330093
78	789	28.008303	1.0	61343	72604.61928629875
79	790	28.544403	2.0	61420	73110.67147922516
79	791	29.44752	5.0	61499	73161.15235328674
79	792	28.723717	6.0	61576	73209.27834320068
79	793	30.908033	7.0	61656	73259.86154174805
79	794	28.080147	4.0	61733	73308.97000718117
79	795	28.925634	0.0	61811	73359.41441011429
79	796	27.400787	2.0	61888	73408.96684622765
79	797	26.815783	1.0	61965	73459.01945590973
79	798	25.850622	0.0	62042	73509.53366446495
79	799	26.838757	1.0	62121	73557.49455189705
